# experiment1.py N=100 T=1000 alpha=0.08 b=0.015 bank_max_failures_allowed=1 bank_sector_A_i0=500 beta=0.02 default_seed=11281 eta=0.3 firms_A_i0=1.0 firms_K_i0=5.0 g=1.0 k=1.0 lambda_param=0.3 phi=1.2 r_i0=0.02 rate_for_bank_deposits_and_networth=0 threshold_bankrupt=0 w=1.0
  t,BankL,BankA,BankD,BankPROFITS,BankBD,FirmsK,FirmsA,FirmsL,FirmsPROFITS,FirmsY,FirmsR,FirmsI,FirmsGAMMA,FirmsU,FirmsDK,FirmsOL,FirmsGAP_OF_L,FirmsDL,FirmsFAIL
  0,15465.676365759848,1237.2541092607878,14228.42225649906,-14.745098039215693,0.0007926999946046287,4.734441148224826,113.79984369951664,nan,13.799843699516613,4.91676270501878,0.0,-1137.2549019607857,1.02,1.0157881026273388,-637.2549019607847,5885.058236931434,0.0,-737.2549019607847,1
  1,23982.169922345962,1918.573593787677,22063.596328558284,-13.90147007237751,0.0,4.861697022603725,129.24334498740015,nan,14.442708587888918,5.044018579397679,0.0,-684.2728672193641,1.0002,1.020280254869804,-565.4722308198528,15119.518810386173,0.0,-695.0735036188755,0
  2,32572.930812817664,2605.834465025413,29967.09634779225,-14.02573206607623,0.0,4.846370880216949,127.27764485652423,nan,-1.9657001308759403,5.028692437010904,0.0,-686.843894715923,1.0,0.9544223485729915,-557.6005497285227,23637.656472368955,0.0,-701.2866033038115,0
  3,40950.648783182856,3276.0519026546285,37674.596880528225,-13.67790689039218,0.0,5.031446974028206,153.15446297080078,nan,25.87681811427662,5.21376853082216,0.0,-685.8610446504853,1.0,1.0822694688474617,-558.5833997939606,32228.827337952825,0.0,-683.895344519609,0
  4,49827.93311300112,3986.2346490400896,45841.69846396103,-14.493525436438004,0.0,5.0927266666298925,162.83324928125768,nan,9.678786310456847,5.275048223423847,0.0,-698.7994537076232,1.0,0.9938723288039726,-545.6449907368225,40592.749204627486,0.0,-724.6762718219002,0
  5,58566.074119374105,4685.285929549928,53880.788189824176,-14.26635266346617,0.0,5.1403034712962254,170.7675835186363,nan,7.934334237378485,5.3226250280901795,0.0,-703.6388468628513,1.0,1.0606787990287365,-540.8055975815942,49462.61337004557,0.0,-713.3176331733085,0
  6,67331.44338505584,5386.515470804467,61944.92791425138,-14.310806964378386,0.0,5.190450111570131,179.54935198691226,nan,8.781768468276105,5.372771668364086,0.0,-707.6060139815407,1.0,1.0722961199271048,-536.8384304629051,58207.13750976875,0.0,-715.5403482189193,0
  7,76160.98205193429,6092.878564154744,70068.10348777955,-14.415573333679102,0.0,5.101119350845917,164.20560815425964,nan,-15.343743832652574,5.283440907639871,0.0,-711.9968982156792,1.0,0.9207839974285705,-532.4475462287666,66969.83211034902,0.0,-720.7786666839551,0
  8,84606.87764468536,6768.550211574829,77838.32743311053,-13.795721330300765,0.0,5.172044734188897,175.78881827819984,-0.7213691323951407,11.583210123940153,5.354366290982852,6.887193679343475e-05,-704.325026299353,1.0,1.087045986900248,-540.1194181450928,75806.87119248936,0.0,-688.9812824667005,0
  9,93516.13999648887,7481.2911997191095,86034.84879676976,-14.50030687035377,0.0,5.250313469638739,185.35342095802056,1.6625223864127057,9.56460267982066,5.432635026432693,0.0002828132304854825,-710.8288286205037,1.0000688719367934,1.0151695909795466,-534.5539240586203,84242.33104563641,0.0,-721.92595246076,0
 10,102408.56948170881,8192.685558536705,94215.8839231721,-14.509407608908278,0.0,5.282473525697666,196.85620250812877,nan,11.502781550108303,5.464795082491621,0.0,-721.1783713693372,1.0002828132304855,1.054899787574398,-530.5523568075726,93144.65170531001,0.0,-725.4703804454139,0
 11,111377.44501828209,8910.195601462567,102467.24941681953,-14.643062100527912,0.0,5.087143435210991,161.92664680861913,nan,-34.92955569950957,5.269464992004946,0.0,-720.6503234762874,1.0,0.9949906338399266,-523.7941209681584,102022.40214333494,0.0,-732.1531050263956,0
 12,119715.11173762604,9577.208939010083,110137.90279861595,-13.702779346292653,4.4228504208205965,5.07518710121063,143.11914838280018,2.8263058591356183,-18.807498425819066,5.257508658004585,0.008192140787035358,-703.1855456265326,1.0,0.9461929227161764,-541.2588988179131,111051.84418155327,0.0,-668.2559899270228,1
 13,128091.2085062112,10247.296680496896,117843.91182571431,-13.677221751919813,0.0,5.066532523602142,158.17691306234954,-0.8064572987615811,9.63491425872878,5.248854080396097,9.088027478609539e-05,-701.1435484214188,1.0002,1.0069593405558603,-548.6015496177981,119385.33915903929,0.0,-683.1710753979423,0
 14,136804.67217221888,10944.37377377751,125860.29839844137,-14.224854665054673,0.0,5.139716493733204,170.66737619122296,nan,12.49046312887337,5.322038050527158,0.0,-702.0542558543963,1.000090880274786,1.0739998310771077,-543.4309059316553,127743.66354586072,0.0,-711.2427332527336,0
 15,145633.20170145924,11650.656136116739,133982.5455653425,-14.41902501316191,0.0,5.034166140878758,152.91646831936475,-0.42309881352990547,-17.750907871858146,5.216487697672713,0.00012370748054532632,-707.5559103178341,1.0,0.9933276476937438,-536.8885341266113,136429.9082569658,0.0,-720.0463734467078,0
 16,154015.1865889303,12321.214927114423,141693.97166181586,-13.687185636029133,0.0,5.031105363036435,150.2598309728693,1.0446212130440315,-2.6566373464954993,5.21342691983039,0.0001868609694836031,-699.7361551368477,1.0001237074805454,1.0021810288072581,-546.1646729118049,145277.6754530076,0.0,-681.3302333593117,0
 17,162535.25869238735,13002.820695390988,149532.43799699636,-13.906616074813718,0.0,4.830123617069565,125.2264398235237,nan,-25.033391149345544,5.01244517386352,0.0,-700.8297627725212,1.0001868609694835,0.8626624840684352,-547.7276101143123,153653.42085519948,0.0,-695.3308037406858,0
 18,170675.68599237115,13654.054879389692,157021.63111298144,-13.263979885581154,0.0,4.988354383920514,141.99870850155153,1.5467351238988354,16.772268678027846,5.170675940714469,0.00025532957290376056,-684.8354421339848,1.0,1.0924133154646065,-559.6090023104607,162204.1087205133,0.0,-659.8020509846388,0
 19,179387.1907254327,14350.975258034618,165036.21546739808,-14.217336852303196,0.0,5.111755377878583,165.96142434352564,nan,23.962715841974134,5.294076934672538,0.0,-698.7906868367771,1.0002553295729038,1.0322204468571146,-552.0958654355804,170309.16325854597,0.0,-710.8668426151598,0
 20,188319.46994082336,15065.55759526587,173253.91234555747,-14.583313004719196,0.0,5.074719930316533,159.92739489166124,nan,-6.034029451864456,5.257041487110488,0.0,-705.2029343939859,1.0,0.9171550283771981,-539.2415100504601,179010.7190371522,0.0,-729.1656502359598,0
 21,196860.92216500884,15748.873773200708,181112.04839180814,-13.959613459340407,0.0,5.112134349744806,164.9004297954022,0.1168058276742775,4.973034903740987,5.29445590653876,7.456520437294863e-05,-702.1859196680534,1.0,0.999640784430186,-542.2585247763923,187969.43781328277,0.0,-696.151890216189,0
 22,205557.76363312328,16444.621090649864,189113.14254247342,-14.197905047488646,0.0,5.039654856834122,154.41670995534116,nan,-10.48371984006107,5.221976413628076,0.0,-706.0461186486876,1.000074565204373,0.9735165043457964,-540.021787675289,196495.8304594203,0.0,-709.8952523744323,0
 23,213997.3626357812,17119.789010862496,196877.5736249187,-13.778937147196656,0.0,4.916049530489279,136.46245617956365,nan,-17.954253775777538,5.098371087283234,0.0,-699.4305771998935,1.0,0.9118024448677504,-545.0138672445522,205201.5598211818,0.0,-688.9468573598327,0
 24,222249.52084507086,17779.96166760567,204469.55917746518,-13.53676860092969,3.129004702387454,4.980080401277947,141.14684493975818,1.4676977219751368,4.684388760194543,5.162401958071902,0.00028296112575625304,-690.4534503120044,1.0,0.9891834842485958,-553.9909941324412,213622.1778880897,0.0,-672.4991965362269,1
 25,230904.65232019336,18472.37218561547,212432.2801345779,-14.127817694477582,0.0,4.859285095859662,128.93199513458836,nan,-16.34385450755728,5.041606652653617,0.0,-699.5104738406812,1.0002,0.9533922822990082,-550.2346241985357,221855.70029860604,0.0,-706.390884723879,0
 26,239136.2104048534,19130.896832388273,220005.31357246512,-13.451409266656638,0.0,4.9445834557100765,138.78065994790606,0.48961675176961966,9.8486648133177,5.126905012504031,0.00012714216335164524,-686.688219789517,1.0,1.0597496003673001,-557.7562246549286,230541.13490759168,0.0,-670.34436528196,0
 27,247757.43803739632,19820.595042991707,227936.8429944046,-14.097261428504824,1.151512572355802,4.9911180132320565,144.11961618911386,1.0923178664269058,5.338956241207867,5.173439570026011,0.003545914516815772,-693.6649213310294,1.0001271421633517,0.9590837598304421,-553.2525706256093,238771.59220732417,0.0,-701.8818953868335,1
 28,256366.94860862513,20509.35588869001,235857.5927199351,-14.053334586079778,0.0,5.0231603783803385,151.89057774971096,nan,5.619448988241239,5.2054819351742925,0.0,-700.0081134003435,1.0002,1.0617963706895956,-549.7369846388735,247387.56219970356,0.0,-702.6667293039889,0
 29,264988.33886967046,21199.06710957364,243789.27176009683,-14.075739201706398,0.0,5.0267757231493375,152.44070841222836,nan,0.5501306625174313,5.209097279943293,0.0,-698.1675110970782,1.0,0.9365848945103826,-546.2769333473674,255986.3365101141,0.0,-703.7869600853198,0
 30,273550.9995315335,21884.079962522683,251666.91956901082,-13.979854141817086,0.0,5.141782310920738,171.02030821131237,nan,18.579599799084036,5.324103867714693,0.0,-698.4425764283369,1.0,1.0155854920274983,-546.0018680161088,264601.17513649294,0.0,-698.9927070908543,0
 31,282474.7328851004,22597.978630808033,259876.75425429238,-14.564011916962246,0.0,5.269644966649544,192.19624647098888,0.7657952654435631,21.175938259676442,5.451966523443499,0.00022437195867307507,-707.7323763278789,1.0,1.0303639881908324,-536.7120681165668,273154.6849086068,0.0,-726.3119761269634,0
 32,291545.888661841,23323.67109294728,268222.2175688937,-14.805102798628978,0.0,5.1005641437335445,164.11446533663238,nan,-28.081781134356408,5.282885700527499,0.0,-721.2299057471353,1.000224371958673,0.9943188944151948,-526.8829552007835,282070.5338422467,0.0,-740.2551399314489,0
 33,299866.12846398813,23989.290277119053,275876.8381868691,-13.85835645465575,13.440282106352678,5.173207746486089,159.7598847277067,2.8166145177008945,-4.354580608925788,5.355529303280043,0.008636665024873315,-704.2794548905391,1.0,1.020824686718887,-540.1649895539067,291175.2181185333,0.0,-676.1976737561824,2
 34,308701.2045723445,24696.096365787558,284005.10820655694,-14.418595647096149,0.0,5.178730250066538,177.45734143120217,nan,2.257174597142807,5.361051806860493,0.0,-719.1229592340239,1.0004,1.0965127289402206,-535.9227923999645,299493.1406105483,0.0,-720.9297823548075,0
 35,317440.17286718,25395.213829374403,292044.9590378056,-14.271231930240184,0.0,5.156278897821303,173.33694818644904,-1.7113157102355996,-4.120393244753083,5.338600454615258,8.555692324403268e-06,-710.9508929378238,1.0,1.0548819048245461,-533.4935515066217,308326.6258913298,0.0,-713.2080675349669,0
 36,326076.09932222497,26086.087945777996,299990.011376447,-14.102342382996106,0.0,5.138284680749274,170.25068217926906,-1.7573284491429728,-3.08626600717999,5.320606237543229,3.14376084083386e-05,-709.1002459065038,1.0000085556923244,1.0407441673847906,-535.5826697379331,317087.72218450846,0.0,-704.7992246796288,0
 37,334704.88156905654,26776.390525524523,307928.49104353203,-14.087322266735498,0.0,5.248584469139134,190.2967068559811,nan,20.046024676711994,5.430906025933089,0.0,-707.6248844488862,1.0000314376084083,1.0882263393706366,-537.2016971646854,325742.77077158744,0.0,-704.3661133367749,0
 38,343738.2349230614,27499.05879384491,316239.1761292165,-14.7483320065385,0.0,5.206544723225708,182.46250926344092,nan,-7.834197592540131,5.388866280019663,0.0,-717.3705756502133,1.0,1.024230614152956,-527.0738687942323,334362.3582149549,0.0,-737.416600326925,0
 39,352382.07109401363,28190.56568752109,324191.50540649256,-14.112385585228067,0.0,5.291205977515601,198.58276741232123,nan,16.120258148880385,5.4735275343095555,0.0,-713.4534768539436,1.0,1.0029110869244149,-530.9909675905024,343413.651776897,0.0,-705.6192792614033,0
 40,361418.08592896006,28913.446874316807,332504.6390546433,-14.75267728154528,0.0,5.3896627883015915,219.12948006961224,nan,20.54671265729086,5.5719843450955455,0.0,-721.5136059283835,1.0,1.0270110762256044,-522.9308385160623,352048.1890460134,0.0,-737.633864077264,0
 41,370634.17344666034,29650.73387573283,340983.4395709275,-15.046673498286397,0.0,5.331417193216685,206.73074405970866,nan,-12.398736009903553,5.51373875001064,0.0,-731.786962257029,1.0,0.9659149532668108,-512.6574821874168,361088.380648019,0.0,-752.3336749143199,0
 42,379480.0660980862,30358.405287846897,349121.66081023926,-14.592731971758392,7.372454502088489,5.215440538451865,167.64516277522915,2.800188102775699,-39.085581284479495,5.39776209524582,0.0003893808855095448,-725.5875942520773,1.0,0.9360210755940717,-518.8568501923684,370267.25851258874,0.0,-713.1888582421735,1
 43,387997.0007916601,31039.760063332807,356957.2407283273,-13.815148768229955,0.0,5.285542475419914,190.05517973680273,2.0023029788752678,14.037562459485084,5.467864032213868,0.0004911564116034037,-714.8813576582676,1.0002,0.9982146641894176,-534.8637403809496,379132.89722451905,0.0,-687.616380724949,0
 44,397007.71957847633,31760.617566278106,365247.10201219824,-14.595567663305765,0.0,5.14701237645077,169.71006069922748,0.7916513556557384,-20.345119037575266,5.329333933244725,0.0006819795270667177,-726.2586109448332,1.0004911564116035,0.9885079290651358,-528.7973386592337,387641.0575872163,0.0,-732.8900808555214,0
 45,405523.132039245,32441.8505631396,373081.2814761054,-13.947962515604669,0.0,5.215840793344268,178.5648284428113,1.723083246079482,8.854767743583862,5.3981623501382225,9.56507867647172e-05,-711.4258060364821,1.0006819795270667,0.9801590933945096,-539.5087073138905,396670.1015837723,0.0,-688.8736489755429,0
 46,414352.8999418956,33148.23199535165,381204.66794654395,-14.414251405345263,0.0,5.165401500394156,175.1077502905383,nan,-3.4570781522730574,5.34772305718811,0.0,-717.4595760351493,1.0000956507867647,1.0225271821968474,-533.2929740808679,405167.771653738,0.0,-720.7125702672631,0
 47,423005.30792728224,33840.42463418258,389164.88329309964,-14.126380384304372,0.0,5.339736366941697,208.45774669101687,nan,33.34999640047856,5.522057923735652,0.0,-709.7760973674918,1.0,1.0882440861868814,-534.6683470769536,413996.5876841259,0.0,-706.3190192152186,0
 48,432312.87130389235,34585.02970431139,397727.84159958095,-15.196021839364201,0.0,5.353765784592147,211.40289855825174,nan,2.9451518672348604,5.536087341386102,0.0,-726.4510955677313,1.0,1.0584473901736082,-517.9933488767143,422618.00468167616,0.0,-759.80109196821,0
 49,441271.03578174603,35301.68286253968,405969.3529192064,-14.633504678652423,0.0,5.299705237414502,199.85992734262197,-0.8726577996652607,-11.542971215629711,5.482026794208456,1.4009451000515528e-05,-727.9236715013483,1.0,1.0107030592708748,-516.5207729430971,431940.27442500624,0.0,-730.8688233685833,0
 50,450049.7715535949,36003.981724287594,414045.7898293073,-14.137217093498917,0.0,5.301027583399518,194.76294406489973,1.7543750485305607,-5.096983277722313,5.483349140193472,0.0005312939388227519,-722.6159516131896,1.0000140094510006,1.057776253253702,-522.3381847322016,440924.3949746816,0.0,-710.6551408591939,0
 51,458836.0397290962,36706.8831783277,422129.15655076853,-14.334513787444457,0.30904764116946914,5.156218639621868,173.09701030937646,-0.8913290883947133,-21.665933755523266,5.338540196415822,0.0001837922761111707,-727.1923968294028,1.0005312939388227,0.9747442657324562,-526.6496182675421,449703.5457027848,0.0,-716.3155790547196,1
 52,467333.61682527553,37386.689346022045,429946.9274792535,-16.93530159561031,0.8466837611944461,5.199287493143463,172.86739587196172,2.113327653266654,-1.5386620785841145,5.381609049937418,0.02658035979323,-714.0755779948813,1.0002,0.9366146347295293,-535.6695200443356,458476.65615414374,0.0,-689.1649677808873,1
 53,476205.51842889964,38096.44147431197,438109.07695458765,-14.362388786222125,0.0,5.17114918511674,176.11711240051667,nan,1.4030327673604304,5.353470741910694,0.0,-729.6777728161788,1.0034177187628712,1.0082376835386013,-544.0853751674003,466960.91862502025,0.0,-718.1194393111062,0
 54,484923.64511597494,38793.891609278,446129.75350669696,-14.23367622379683,0.0,5.067630180502085,158.79755953097398,nan,-17.31955286954268,5.249951737296039,0.0,-710.280778422481,1.0,1.0101914777708103,-534.1636660219644,475838.57120083336,0.0,-711.6838111898415,0
 55,493387.97996264393,39471.038397011514,453916.9415656324,-13.687383127005301,0.0,5.020573557437062,144.9654500405454,1.876823662323751,-13.832109490428653,5.2028951142310165,0.0003979271355870394,-701.6210019877097,1.0,0.8995464433866108,-542.823442456736,484593.3760383909,0.0,-684.3014491181674,0
 56,501751.83986935805,40140.14718954865,461611.6926798094,-13.655641571793263,0.0,5.152672100994094,172.54954866851315,-1.0691152025325006,27.584098627967784,5.334993657788048,3.44499493238033e-05,-702.519420962824,1.000397927135587,1.1264574250476722,-551.0212491799161,493070.6066907197,0.0,-682.1545897300329,0
 57,510770.7132681451,40861.65706145161,469909.0562066935,-14.723992784642919,0.0,5.232821025134712,187.32049467893765,nan,14.77094601042457,5.4151425819286665,0.0,-708.9588527489689,1.000034449949324,1.101749151730867,-536.065991935665,501399.30259838275,0.0,-736.199639232146,0
 58,519721.2176089035,41577.69740871228,478143.5202001912,-14.61306831144233,0.0,5.285468638436607,197.44669287919083,nan,10.126198200253214,5.467790195230562,0.0,-715.8824695616913,1.0,1.0148528464971291,-528.561974882754,510406.05303178716,0.0,-730.6534155721165,0
 59,528676.8467529642,42294.14774023714,486382.69901272707,-14.621435337241431,0.0,5.069211744178143,159.04890669135233,nan,-38.39778618783855,5.251533300972098,0.0,-720.9455686618184,1.0,0.9111249422213219,-523.4988757826276,519366.62808427284,0.0,-731.0717668620715,0
 60,536802.8706478702,42944.22965182962,493858.6409960406,-13.266977787601213,0.0,5.116842119338535,166.80777796757613,nan,7.7588712762237915,5.299163676132489,0.0,-701.746675567899,1.0,0.9858712065178287,-542.6977688765467,528355.8501204271,0.0,-663.3488893800607,0
 61,545541.8366832775,43643.3469346622,501898.4897486153,-14.2676996496447,0.0,5.191463734491003,179.73143959400983,nan,12.92366162643373,5.373785291284959,0.0,-705.6261112060114,1.0,1.010675978580807,-538.8183332384348,536452.8104544842,0.0,-713.3849824822349,0
 62,554423.2288279367,44353.858306234935,510069.37052170176,-14.500232072913228,0.0,5.282286454881686,196.81937990201973,nan,17.087940308009845,5.46460801167564,0.0,-712.0879420192277,1.0,1.0946047871787863,-532.3565024252177,545186.6526140646,0.0,-725.0116036456614,0
 63,563460.2970208322,45076.82376166657,518383.47325916565,-14.754397049624847,0.0,5.199404683718127,181.16435967331304,nan,-15.655020228706586,5.381726240512082,0.0,-720.6319121732331,1.0,0.9337607127553049,-523.812532271213,554058.9148990397,0.0,-737.7198524812424,0
 64,572022.6196599244,45761.80957279395,526260.8100871304,-14.004936246573644,0.0,5.177197739953141,175.34422899759778,0.6105074397263345,-5.82013067571523,5.359519296747097,0.0001269032844360486,-712.8044020588792,1.0,1.0302338668886803,-531.6400423855664,563125.1520594013,0.0,-697.1493818301727,0
 65,580653.4198080546,46452.27358464437,534201.1462234103,-14.089836850330778,0.0,5.060522829175346,157.67293078552396,nan,-17.67129821207392,5.242844385969301,0.0,-712.1533387360324,1.000126903284436,1.0049089615356601,-534.9677441946567,571688.5234821038,0.0,-704.4918425165389,0
 66,589064.2437666334,47125.139501330676,541939.1042653028,-13.676737227470069,1.6903716257358683,5.100942951755393,159.3310088523374,1.578078534267366,1.6580780668133157,5.283264508549346,0.010709024042242337,-701.0586876149848,1.0,0.9940487895408727,-543.3857568294611,580307.5911502835,0.0,-683.3873894029111,1
 67,597758.4904589005,47820.679236712036,549937.8112221884,-14.179642281004359,0.0,4.9734429599665235,144.5236208042145,nan,-17.497759673858642,5.155764516760478,0.0,-712.2763411362379,1.0007274468029488,0.9096896091003669,-543.5698440979085,588703.8979336985,0.0,-708.9821140502179,0
 68,606069.671342774,48485.573707421914,557584.097635352,-13.564537374727799,0.0,5.0691383649916775,157.56450110604243,0.38712130740700135,13.040880301827974,5.251459921785632,0.00023152492838956888,-694.48403262433,1.0,0.9968411718048753,-549.9604118201155,597411.5082398058,0.0,-676.9862729504713,0
 69,614827.4657548539,49186.19726038831,565641.2684944656,-14.295705660069396,0.0,5.138395541943394,170.44208164955518,nan,12.877580543512675,5.320717098737349,0.0,-703.2171378357596,1.0002315249283895,0.9892941666965034,-544.1799015955996,605715.824126684,0.0,-714.7852830034698,0
 70,623651.3960888378,49892.11168710702,573759.2844017308,-14.406416871810261,0.0,5.116273954582696,166.7130305857456,nan,-3.7290510638095453,5.298595511376651,0.0,-707.443263047,1.0,1.0980673803738623,-537.0011813974453,614477.5033893257,0.0,-720.320843590513,0
 71,632294.0209812208,50583.52167849766,581710.4993027231,-14.109681606277672,0.0,5.0967066422382326,159.8126264647392,1.3001879960148066,-6.900404121006443,5.279028199032187,0.00020193966286119453,-705.5787375150954,1.0,0.9347804382369712,-538.8657069293502,623317.5777068568,0.0,-701.8496864512867,0
 72,640821.5340234553,51265.72272187643,589555.8113015789,-13.91837393685538,0.0,5.136166471021478,170.06257728968467,nan,10.249950824945492,5.318488027815433,0.0,-706.4890875093909,1.0002019396628612,1.0025952367961528,-543.0064744990361,631971.3200653277,0.0,-695.918696842769,0
 73,649610.951429182,51968.87611433456,597642.0753148474,-14.350069233840216,0.0,5.17875314191616,177.46140380447386,nan,7.398826514789161,5.361074698710114,0.0,-707.2535108670647,1.0,1.0454182288663394,-537.1909335773805,640485.0163054776,0.0,-717.5034616920108,0
 74,658410.7603745125,52672.860829961,605737.8995445515,-14.367035012784982,0.0,5.303340585544468,201.00717130249024,nan,23.545767498016446,5.485662142338423,0.0,-710.9529241244597,1.0,1.1243068250029071,-533.4915203199859,649287.3184297694,0.0,-718.3517506392491,0
 75,667558.3086339065,53404.664690712525,614153.6439431941,-14.94148959165398,0.0,5.383212047338977,217.24670701148867,-0.747022813267935,16.23953570899839,5.565533604132931,6.106094277694305e-05,-722.7258078734683,1.0,1.0958580926591135,-521.7186365709777,658069.2511836924,0.0,-746.271575371484,0
 76,676713.2866533815,54137.06293227052,622576.223721111,-14.945821230799218,0.0,5.345598980551401,209.68344329599293,nan,-7.563263715495722,5.527920537345355,0.0,-731.52530080266,1.000061060942777,0.9430930804458392,-513.8048188194739,667201.7020791267,0.0,-747.2910615399609,0
 77,685527.1699852769,54842.173598822155,630684.9963864547,-14.390013603094465,0.0,5.379709857928309,216.95931726619955,nan,7.275873970206625,5.562031414722264,0.0,-727.0639438702191,1.0,1.0726388497473798,-517.3805005742267,676357.6156330098,0.0,-719.5006801547232,0
 78,694575.7926853247,55566.06341482598,639009.7292704987,-14.77332674028055,0.0031942699259173146,5.4111625543389374,223.20314054589832,-0.37312059466479014,6.243823279698801,5.5934841111328915,0.00027530434219880226,-730.701880855323,1.0,1.0319851913510767,-513.742563589123,685146.0890929394,0.0,-737.9777548255289,1
 79,703663.7421734198,56293.099373873585,647370.6427995462,-14.834459348310547,0.0,5.400987050709949,221.6250634546989,nan,-2.5812713611253892,5.583308607503904,0.0,-738.9757164275205,1.0002,1.0390403490320512,-510.76938161169625,694191.3329228243,0.0,-741.7229674155274,0
 80,712778.7094716557,57022.29675773245,655756.4127139233,-13.11989928647192,0.0,5.559508144780726,247.83127197115212,2.4734917939127192,26.206208516453376,5.74182970157468,0.001655222016044893,-733.0347539495723,1.0,1.1173342086665707,-511.40969049487353,703282.4511769701,0.0,-730.453482588447,0
 81,722342.1511475773,57787.37209180619,664554.7790557712,-15.54033230478059,0.0,5.43279438394659,227.7246539001639,0.06111363538143264,-20.10661807098836,5.615115940740545,0.00043443495637647886,-762.8572324651313,1.0016552220160448,1.0015120577168786,-503.1621599370923,712389.8160837999,0.0,-777.1996404246977,0
 82,731144.8375670005,58491.587005360045,672653.2505616405,-14.381228277040911,0.0,5.254534748215745,190.5170815786528,-0.0884823261715455,-37.20757232151113,5.4368563050097,2.5244424759338228e-05,-738.5159465958867,1.0004344349563765,0.9670331912573088,-509.7282729917489,721977.9351716611,0.0,-717.3463088209242,0
 83,739484.5196245925,59158.7615699674,680325.7580546251,-13.687401784983349,3.510556776542294,5.26063577398893,188.59086678086663,1.3895485982107576,-1.9262147977861686,5.4429573307828845,0.0009036843151631111,-718.4799427069918,1.0000252444247593,1.054591318849579,-527.0475418405501,730767.4337886316,0.0,-680.3570510976921,1
 84,748329.5857388669,59866.36685910936,688463.2188797576,-14.437915064522027,0.0,5.268175646147342,194.0616022727442,nan,0.9601787153352148,5.450497202941296,0.0,-723.4232607983131,1.0002,1.0707247035143779,-526.3218372409038,739095.0154588007,0.0,-721.8957532261013,0
 85,757152.1974642721,60572.175797141776,696580.0216671304,-14.404264041478607,0.0,5.356830178240665,212.05171386289598,nan,17.99011159015192,5.53915173503462,0.0,-719.253023358595,1.0,1.1002609454889059,-525.1914210858508,747950.3796242886,0.0,-720.2132020739303,0
 86,766293.6153008839,61303.48922407071,704990.1260768132,-14.924763814876451,0.0,5.3134935382848685,203.05838292021733,nan,-8.993330942678647,5.495815095078823,0.0,-728.2480791536711,1.0,0.9863011231434065,-516.1963652907748,756769.280754558,0.0,-746.2381907438225,0
 87,775119.3311637357,62009.54649309886,713109.7846706369,-14.353876685577514,0.0,5.450103199067032,227.1291245986068,1.7321975175756035,24.0707416783894,5.632424755860987,0.0002961358982671946,-723.7514136823312,1.0,1.0182871604555839,-520.6930307621141,765943.5169900956,0.0,-714.7580827396532,0
 88,784446.1169867008,62755.68935893607,721690.4276277648,-15.218199536669676,0.0,5.1775445566112355,177.24705611446984,nan,-49.882068484137115,5.3598661134051895,0.0,-742.492298129201,1.0002961358982672,0.9344357438490397,-509.71011055648785,774762.2181130073,0.0,-760.9099768334838,0
 89,792684.7071328621,63414.776570628965,729269.9305622331,-13.224555508916838,2.6631163620189207,5.220200856262644,170.96013122193597,2.639857136003888,-6.2869248925337855,5.402522413056598,0.0016980631237525899,-710.8457502794574,1.0,0.999809404500654,-533.5986941649879,784138.0577044919,0.0,-660.963681795321,2
 90,801562.3566257532,64124.988530060255,737437.368095693,-14.537821958493588,3.4271174526866552,5.328653963206595,193.6016754637445,2.5304066862776318,17.978427879789592,5.510975520000549,0.0038043690088126127,-727.0949082633268,1.0011038687176963,1.0168012917978648,-538.0150376999599,792328.3647610326,0.0,-714.3324854110529,1
 91,810677.6204768601,64854.20963814881,745823.4108387113,-14.879054226697772,0.0,5.116872080763068,166.81277584109873,nan,-31.216017075332406,5.299193637557022,0.0,-725.886945477824,1.0002,0.9103191511518113,-523.8581525613929,801195.7545716191,0.0,-743.9527113348886,0
 92,818955.5237056485,65516.44189645188,753439.0818091966,-13.562099996910556,1.648173082606042,5.035210662696139,150.7020364779934,1.1085422612821285,-16.11073936310527,5.217532219490094,0.00031302962384351167,-705.6286101427718,1.0,0.9850822441360861,-538.8158343016736,810337.807186008,0.0,-674.4125930674397,1
 93,827435.4248504285,66194.83398803428,761240.5908623942,-13.824686771936534,0.0,4.969761650603114,138.78322184033192,1.6504533409751916,-14.566987720267488,5.1520832073970695,0.0004781110866307071,-704.4738848587904,1.000234411417629,0.9499360234311419,-546.323537446367,818606.0199068402,0.0,-686.8117943357742,0
 94,835754.1862208018,66860.33489766414,768893.8513231376,-13.572770352969396,0.0,5.065722397877699,158.4948971049631,nan,19.711675264631175,5.248043954671655,0.0,-698.4148462683752,1.0004781110866308,1.0141023199780712,-554.4222835284056,827080.065996492,0.0,-678.6385176484698,0
 95,844588.6577097835,67567.09261678268,777021.5650930009,-14.42362692078671,0.0,4.84131325232841,126.6355470050273,nan,-31.859350099935803,5.023634809122365,0.0,-701.4696707747039,1.0,0.8646722890999112,-542.9747736697414,835367.6000847372,0.0,-721.1813460393355,0
 96,852631.3597723554,68210.50878178843,784420.850990567,-13.12766871043691,0.0,4.96804499234806,140.88240067268532,1.0519357212679297,14.246853667657986,5.1503665491420145,0.0002112041674688284,-685.5399957247364,1.0,1.0615018371039233,-558.9044487197091,844245.4770057229,0.0,-653.680645624801,0
 97,861300.4518589209,68904.03614871367,792396.4157102072,-14.151742034838168,0.0,4.957770182104855,142.27619193026186,nan,1.3937912575765756,5.1400917388988105,0.0,-696.2034361656486,1.000211204167469,0.9662056605480791,-552.4578474015648,852264.5998072181,0.0,-707.5871017419084,0
 98,869811.1896996215,69584.89517596972,800226.2945236518,-13.895082188898607,0.0,5.147103555971634,171.9327747559376,nan,29.65658282567571,5.329425112765588,0.0,-693.3603181873538,1.0,1.0936893236236032,-551.0841262570917,860933.835269499,0.0,-694.7541094449304,0
 99,878849.7933068378,70307.98346454703,808541.8098422908,-14.756903848517352,0.0,5.079625769764114,160.7139006723926,nan,-11.218874083544966,5.261947326558069,0.0,-708.1886096001915,1.0,0.9555053054162257,-536.2558348442541,869411.1007010626,0.0,-737.8451924258676,0
100,887318.9569631555,70985.51655705244,816333.4404061032,-13.827205969497482,0.0,4.944807850077549,140.44386198138605,nan,-20.270038691006622,5.127129406871503,0.0,-702.579172558419,1.0,0.9083731623413561,-541.8652718860266,878471.4403619892,0.0,-691.3602984748741,0
101,895605.2143885877,71648.41715108702,823956.7972375008,-13.555798071797536,1.3335114835196258,5.006789856498931,143.80850292647364,1.725582106895503,3.364640945087595,5.189111413292886,0.0008937545456609531,-692.444153212916,1.0,0.9743013739787721,-552.0002912315298,886949.1782519136,0.0,-672.1741145219096,1
102,904205.3127094195,72336.42501675356,831868.8876926659,-14.03796764665711,0.0,4.954697708847168,141.8397229982701,nan,-4.302291411723131,5.137019265641122,0.0,-699.9435562246048,1.0002,0.981315589062558,-549.801541814612,895224.6217812638,0.0,-701.8983823328555,0
103,912643.6001652124,73011.488013217,839632.1121519954,-13.776795846192691,0.0,5.033243554400235,153.42986458935772,nan,11.590141591087669,5.21556511119419,0.0,-693.142083721358,1.0,1.0354128745652211,-551.3023607230878,903838.7496828048,0.0,-688.8397923096345,0
104,921347.5595425337,73707.8047634027,847639.754779131,-14.210545922159788,0.0,5.114113592283667,166.3532587983404,nan,12.923394208982641,5.296435149077622,0.0,-698.9371545169018,1.0,1.0639732141087945,-545.507289927544,912270.8414881434,0.0,-710.5272961079894,0
105,930157.4350883932,74412.59480707145,855744.8402813217,-14.388922301634436,0.0,5.200966441961547,180.59079551847017,-0.15464397145233233,14.237536720129846,5.383287998755502,0.0001376344505405831,-705.398851621393,1.0,1.0393228884112462,-539.0455928230527,920978.4284382157,0.0,-718.3222458303754,0
106,939066.5531328255,75125.32425062604,863941.2288821995,-14.543973909435921,0.0,5.155195520346394,173.32969292766114,nan,-7.261102590809083,5.337517077140349,0.0,-713.8178788916865,1.0001376344505406,0.9541860876677446,-532.3703632331961,929802.5042092443,0.0,-727.1986954717961,0
107,947663.2658579213,75813.06126863371,871850.2045892876,-14.036760882662858,0.06426524279990642,5.188334157962917,178.95775751119155,-1.5508009687494997,5.628064583530335,5.370655714756871,5.0316406504654994e-05,-708.8870686860533,1.0,0.894172982882798,-535.5573757583925,938724.3899336039,0.0,-701.6259660952445,1
108,956479.8546483507,76518.38837186806,879961.4662764827,-14.394111839787962,0.0,5.100560313299984,163.95894051661946,-1.8650001176511561,-16.06308223737198,5.282881870093939,2.9785491541761223e-05,-716.883560396604,1.0002,1.0245355390034403,-532.861537642613,947303.426836539,0.0,-719.4188679021086,0
109,965079.395985432,77206.35167883456,887873.0443065974,-14.071000398572332,0.0,5.113574281060246,152.48978445809846,2.6227669554035025,-11.469156058521097,5.2958958378542,0.0003600084822225193,-704.4558872363688,1.0000297854915419,0.9331967298805312,-540.3420505280881,956132.1050250006,0.0,-688.2379088073355,0
110,973524.2460551795,77881.93968441436,895642.3063707652,-13.777220489109611,0.0,5.141375251845777,170.185792456753,-0.267991146870055,17.696007998654668,5.323696808639732,0.0002454606217773853,-713.5129157658037,1.0003600084822226,1.065952261051317,-547.2493489588635,964734.6489648863,0.0,-688.2699773584405,0
111,982417.735537431,78593.41884299448,903824.3166944365,-14.516093984482918,0.0,5.180472114434142,177.76671741829202,nan,7.580924961538973,5.362793671228096,0.0,-708.8736057784514,1.0002454606217774,1.029206051546398,-537.9228987687382,973165.8251555273,0.0,-725.8046992241459,0
112,991241.6633156125,79299.333065249,911942.3302503634,-14.424002506884,0.0,5.136868547166474,168.530297222514,0.5018164841660416,-9.236420195777892,5.3191901039604295,9.563592216270857e-05,-711.1055809313693,1.0,1.002738741107945,-533.3388635130767,982063.7862108183,0.0,-718.6865058929084,0
113,999850.7833733715,79988.06266986972,919862.7207035017,-14.00258798737889,0.0,5.181525624034445,172.83146476498231,1.633668033986366,4.301167542468166,5.3638471808284,0.00029989080019783494,-708.4534263414297,1.0000956359221627,1.0136467063267174,-538.2714102504129,990884.6995884281,0.0,-697.5652872771485,0
114,1008600.2051774441,80688.01641419553,927912.1887632486,-14.27892016162556,0.0,5.11120529226667,165.87015645673884,nan,-6.961308308243471,5.293526849060624,0.0,-714.7674708202692,1.0002998908001979,0.8646535516466278,-536.8133757738271,999480.1444157999,0.0,-713.946008081278,0
115,1017153.1060811874,81372.248486495,935780.8575946924,-13.963919842846972,0.0,5.277189380511603,195.81872924701062,nan,29.94857279027178,5.459510937305557,0.0,-705.157300450592,1.0,1.0199806515376857,-539.2871439938535,1008217.5274689171,0.0,-698.1959921423486,0
116,1026354.7872370445,82108.38297896356,944246.404258081,-15.040216176742621,0.0,5.307510479926833,200.7525509574709,0.09034241477666777,4.933821710460332,5.489832036720788,4.722471360782543e-05,-720.1315868457281,1.0,0.9284496003869273,-524.3128575987175,1016725.383913224,0.0,-750.0801596360002,0
117,1035269.4483745617,82821.55586996494,952447.8925045968,-14.55387992005367,0.0,5.252655816640835,191.07305018738228,nan,-9.679500770088602,5.43497737343479,0.0,-723.8547233015233,1.0000472247136079,0.9472478295045956,-522.0076233347527,1025924.596730433,0.0,-727.6939960026835,0
118,1043943.419144748,83515.47353157985,960427.9456131682,-14.161584930916503,0.0,5.31097611449631,202.54784181038147,nan,11.4747916229992,5.493297671290264,0.0,-717.758747315914,1.0,1.038436603527091,-526.6856971285317,1034849.0263435257,0.0,-708.0792465458251,0
119,1053065.1466947908,84245.21173558326,968819.9349592075,-14.910955491563579,0.0,5.319968398015647,194.6991984141467,2.2698784903206697,-7.848643396234794,5.502289954809602,0.0001814301670639169,-723.4961431274137,1.0,1.046140367770723,-520.948301317032,1043529.3515313654,0.0,-734.9709347504129,0
120,1061928.6587725922,84954.29270180738,976974.3660707849,-14.571240185779098,5.445387045832216,5.244375996503588,173.43794104409307,2.776306189040351,-21.261257370053684,5.426697553297543,0.0017163434383049975,-730.0292872674185,1.000181430167064,1.026579318478322,-525.6518641086345,1052668.3168540655,0.0,-712.5024191265463,1
121,1070604.7554842334,85648.38043873868,984956.3750454946,-14.161424192329745,9.73277872859273,5.474587972346424,219.58738303275382,2.942583235215699,39.70405494282862,5.656909529140378,0.0024503333284830752,-716.8142130645712,1.0002,1.0472983185899316,-532.9308849746459,1061581.1971665472,0.0,-698.8697153111291,1
122,1080302.2182781156,86424.17746224925,993878.0408158663,-15.815899459457738,0.0,5.436412673346549,229.61699307251277,nan,-0.7031686888340047,5.618734230140502,0.0,-749.1501235904269,1.0007717974830928,1.0385098524109062,-509.57802780623723,1070231.918979046,0.0,-790.7949729728869,0
123,1089345.7022866528,87147.65618293223,1002198.0461037206,-14.840498767958207,3.352324174024128,5.42847860530744,222.45841072559213,1.6759732302737242,-7.15858234692047,5.610800162101394,0.0008220149253920306,-737.0307187584796,1.0,1.0035894661693043,-507.4137256859667,1079973.560939251,0.0,-736.327550069645,1
124,1098471.6696676756,87877.73357341405,1010593.9360942616,-14.790331730429132,0.0,5.69156696890155,285.7921882006599,2.35758943280295,58.98145330104364,5.873888525695504,0.00029745976573115256,-741.0047241092365,1.0002884917748558,1.1001439918528262,-509.75720632282605,1088996.680784113,0.0,-734.0996669059427,0
125,1108587.9833419845,88687.03866735876,1019900.9446746256,-16.504579762096466,0.0,5.755980867598469,316.0754236673743,nan,30.28323546671451,5.938302424392424,0.0,-776.812986802477,1.0002974597657313,0.9961608183351122,-480.4553466031195,1098073.9255559186,0.0,-825.2289881048233,0
126,1118517.1371686372,89481.37097349098,1029035.7661951463,-16.210863390452488,0.0,5.854526268214238,348.8096187040025,nan,32.73419503662815,6.036847825008193,0.0,-780.25993405591,1.0,0.9937604342856925,-464.1845103885357,1108189.221542598,0.0,-810.5431695226243,0
127,1128680.0858132315,90294.40686505852,1038385.6789481731,-16.597638791243963,0.0,5.876134606091249,356.15653391897547,-1.300837115470019,7.346915214972853,6.058456162885204,1.754991965530229e-05,-796.6270315742239,1.0,0.997234041622057,-447.8174128702216,1118114.444596195,0.0,-829.3612266108522,0
128,1138677.3587625704,91094.18870100564,1047583.1700615648,-16.103334247897855,0.43294589520582205,5.471826747991172,229.2934386529778,2.1518703931010914,-126.86309526599752,5.654148304785126,0.0016891420550561123,-800.6317635736618,1.0000175499196553,0.9240510615632639,-444.20292590676917,1128304.9409985857,0.0,-807.7063750407176,1
129,1147134.727007294,91770.77816058353,1055363.9488467106,-13.135617184330734,0.0,5.824239362510556,264.6408723815526,4.300854001094037,33.914487833368995,6.006560919304512,0.0003516082329641704,-749.9614780815123,1.0009670681651328,1.0124393577278072,-509.9506453858033,1138334.483066353,0.0,-614.9662333985135,0
130,1156841.4589172243,92547.31671337795,1064294.1422038465,-15.976482528410685,0.0,5.562792870328021,250.98061280014832,2.258517136261985,-13.66025958140429,5.745114427121975,2.7896550597888577e-05,-830.4382046120928,1.0003516082329642,1.0512739622457155,-492.03457194355394,1146748.7808436607,0.0,-790.5899321584754,0
131,1166028.6175595692,93282.28940476554,1072746.3281548037,-6.846813120204374,0.0,5.367357801009115,206.8095105912264,2.0130875071959506,-44.171102208921866,5.54967935780307,0.07079374160657624,-757.4629728268783,1.000027896550598,1.0305336967596743,-496.9134707445405,1156466.2440188143,0.0,-734.2338239632845,0
132,1205355.2464275546,96428.41971420437,1108926.8267133504,2092.6837883367807,26.241121763902765,5.589024431192541,207.20133442174688,4.098887861421281,0.3918238305205062,5.7713459879864955,0.41375186345513876,-764.7983715774459,1.0707937416065763,1.0452990405919744,-550.5024649834605,1165628.478377054,0.0,-713.1408733657652,1
133,1251959.5201362595,100156.76161090076,1151802.7585253587,-16.385368977936086,1327.2717419186952,nan,-1095.3582250724996,nan,-1329.8006812581493,nan,0.0,-852.4533095486873,1.4139518634551387,1.0252158810150078,-553.7376352251838,1204409.4405101708,0.0,-819.2684488968042,1
134,1261385.8888589335,100910.87110871468,1160475.0177502187,-15.386980547621675,0.0,5.465452596194162,236.38281686507128,nan,3.4693000188760763,5.6477741529881165,0.0,-743.3293074427062,1.0002,0.954511725578133,-506.41579059651093,1251584.120384821,0.0,-769.3490273810837,0
135,1270498.4547596858,101639.87638077486,1168858.578378911,-14.877658613472693,0.0,5.6368871841588115,280.58793908643247,nan,44.205122221361236,5.819208740952766,0.0,-740.4136306547583,1.0,1.161166239815899,-504.03081378968704,1261023.371526479,0.0,-743.8829306736346,0
136,1280380.7908560245,102430.46326848195,1177950.3275875426,-16.134426279736008,0.0,5.578313587138658,264.62496233953294,nan,-15.96297674689961,5.760635143932613,0.0,-762.5161917654391,1.0,1.0202877128603103,-481.9282526790067,1270111.160787466,0.0,-806.7213139868004,0
137,1289748.1692306635,103179.85353845308,1186568.3156922103,-14.90103992663887,0.0,5.533257181452166,227.2469452209766,3.247252695998283,-37.378017118556386,5.71557873824612,0.0005782561360878065,-754.5347033919894,1.0,1.071415703637503,-489.90974105245647,1280051.3015020012,0.0,-738.5717266450894,0
138,1298384.4616062667,103870.75692850133,1194513.7046777653,-14.087122342757315,1.354868326228669,5.570427589136389,242.52681465242267,2.996707925044577,15.279869431446054,5.752749145930344,0.0032550954620551,-763.4371945583106,1.0005782561360879,1.0685474056930417,-510.4706660846637,1289451.7007612789,0.0,-700.3395941870833,2
139,1307778.719966239,104622.29759729913,1203156.42236894,-15.321239012953308,0.0,5.524904834269259,250.86246337519597,nan,4.980780396544707,5.707226391063213,0.0,-760.1658007866923,1.0006904702056807,0.9585346552985924,-501.6297868569746,1298062.704689601,0.0,-766.0619506476654,0
140,1316998.489336491,105359.8791469193,1211638.6101895717,-15.052684686127314,0.0,5.5347985000600275,253.35673112720622,nan,2.4942677520102916,5.717120056853982,0.0,-747.6534539098209,1.0,1.011083437153917,-496.7909905346251,1307473.4075471433,0.0,-752.6342343063657,0
141,1326229.6713787992,106098.37371030395,1220131.2976684952,-15.195466682307366,6.083304048382447,5.49306142823681,234.6215177522603,2.1256663440172097,-18.735213374945946,5.675382985030765,0.002376890960763001,-748.9005877858259,1.0,0.9736871618081333,-495.54385665861946,1316695.3896348309,0.0,-751.3948555378367,2
142,1335526.9256579885,106842.15405263909,1228684.7716053494,-14.566082026798334,0.0,5.630703807015216,254.85573439484088,3.1781611839397774,12.15091259419817,5.813025363809171,0.0004553643748296425,-752.8752867173156,1.0004,1.0388612084370918,-502.1704649166727,1325919.062181826,0.0,-734.0489457766257,0
143,1344902.766556446,107592.22132451569,1237310.5452319302,-15.27528018424024,0.0,5.329852269651232,206.40747925495378,nan,-48.44825513988712,5.512173826445187,0.0,-775.61567324232,1.0004553643748297,1.0401428859134063,-496.7573622229727,1335218.9552179691,0.0,-763.764009212012,0
144,1353528.6604517358,108282.29283613886,1245246.3676155969,-14.071561007321767,6.425173328929292,5.3392056767868805,174.75661031658154,3.514244457367607,-31.650868938372284,5.521527233580835,0.0010463341637290521,-725.4259618496995,1.0,0.946288108614145,-519.018482594746,1344557.5655519231,0.0,-676.9777067098127,1
145,1362125.7686391207,108970.06149112966,1253155.707147991,-12.4942805885916,0.0,5.293547759338245,189.39006526981217,2.2678160538855283,7.2082816243013745,5.4758693161322,0.002732590180322037,-739.0546122149694,1.0004698309481612,0.9720470438717076,-532.8524915202014,1353213.815321614,0.0,-693.3037877996481,0
146,1371147.6218697045,109691.80974957635,1261455.8121201282,-14.631226776130799,0.0,5.249252474355257,190.42386851636945,nan,1.0338032465572906,5.431574031149212,0.0,-734.011341773253,1.0027325901803221,1.0690750789716743,-534.9629919124261,1361802.8210983481,0.0,-731.5613388065399,0
147,1380067.5551645535,110405.40441316429,1269662.150751389,-13.979366943647364,0.5221754688579086,5.324735665262156,195.7258248017836,2.2647010984768357,5.301956285414042,5.50705722205611,0.0012929227186260289,-717.4341564804074,1.0,1.0068988480843293,-527.0102879640381,1370818.5396482064,0.0,-718.4679597269646,1
148,1389042.2415020978,111123.37932016783,1277918.8621819299,-14.622702635152317,0.0,5.24243284598366,189.12966650420603,nan,-8.118333766435391,5.424754402777615,0.0,-736.4958484380153,1.0011242032670933,1.0144050555680004,-527.2037367578805,1379745.6034423525,0.0,-731.1351317576158,0
149,1397792.064994352,111823.36519954815,1285968.6997948037,-14.389648770885028,5.106910392998974,5.220242579769737,174.1653339677718,2.3808154057049187,-14.964332536434302,5.402564136563691,0.0008774179145093907,-716.7870554743259,1.0,0.9742578951605838,-527.6573889701199,1388746.9462965396,0.0,-708.6687217078904,1
150,1406437.7059010027,112515.01647208023,1293922.6894289225,-14.112322888810246,0.0,5.124506473832818,168.0911637898542,nan,-12.181080570916487,5.3068280306267726,0.0,-717.0086711999937,1.0002,0.912157192844471,-532.736426839223,1397509.94341915,0.0,-705.6161444405122,0
151,1414940.268264445,113195.2214611556,1301745.0468032893,-13.881734470924679,0.0,5.360537787876659,212.83937811403314,nan,44.74821432417892,5.542859344670613,0.0,-706.2678041171498,1.0,1.1152643757835823,-538.1766403272956,1406142.2946119949,0.0,-694.0867235462339,0
152,1424414.2973030866,113953.14378424693,1310461.1535188397,-15.467802512068365,0.0,5.098509879746275,163.77767694527054,nan,-49.06170116876271,5.28083143654023,0.0,-728.6419112792399,1.0,0.9502422821885889,-515.8025331652062,1414616.1044600308,0.0,-773.3901256034183,0
153,1432628.847473751,114610.30779790008,1318018.539675851,-13.516077131903685,5.123765810147047,5.0845523953479725,140.75313441988354,3.032762949416126,-23.024542525386966,5.266873952141927,0.0005140815014613472,-704.1110606948581,1.0,1.0072737963903462,-540.3333837495876,1424102.8503654748,0.0,-655.0493595260953,1
154,1441204.5306501447,115296.36245201158,1325908.1681981331,-10.569120243134613,0.0,5.274823916553203,185.3643730492095,2.3017548948415016,38.48747281917898,5.457145473347158,0.0035631971857541704,-700.3109991346233,1.0002,1.122984225143091,-549.4340989045932,1432293.2554201772,0.0,-686.4846219105507,0
155,1450641.7256224055,116051.33804979244,1334590.387572613,-15.25358694262233,0.647721590240077,5.091901697964981,162.69897234774166,nan,-22.665400701467917,5.274223254758936,0.0,-734.1835757756039,1.0035631971857542,0.9062945666991946,-538.8275012627282,1440836.033455071,0.0,-762.6793471311165,1
156,1459081.4820405159,116726.51856324128,1342354.9634772746,-13.774257939938389,0.0,5.09312815841667,162.4910885453177,-0.8975914731057161,-1.8556053926640157,5.275449715210625,0.0002463370847266557,-709.0458959885996,1.0002,0.9662913829916832,-540.6992020506176,1450334.678254548,0.0,-688.3997703345401,0
157,1467687.942951026,117415.03543608208,1350272.9075149437,-14.04796422536882,0.0,5.291986475562617,198.73782137624457,nan,36.24673283092695,5.474308032356573,0.0,-704.6613667350085,1.0002463370847265,1.1110925374041807,-541.7627281157869,1458778.1654776202,0.0,-702.3982112684411,0
158,1476971.4568063575,118157.7165445086,1358813.7402618488,-15.156757314825441,0.0,5.403703249635053,222.22785950021026,nan,23.49003812396569,5.586024806429008,0.0,-721.5911329103456,1.0,1.0918955011360452,-522.8533115341006,1467365.549757348,0.0,-757.837865741272,0
159,1486242.5776350375,118899.406210803,1367343.1714242345,-15.136523801925875,0.0,5.144832773020606,171.5427956887832,nan,-50.685063811427064,5.32715432981456,0.0,-733.336151972328,1.0,0.9642720643147477,-511.1082924721178,1476663.256034535,0.0,-756.8261900962938,0
160,1494468.1053847654,119557.44843078124,1374910.6569539842,-13.327855512542413,0.0,5.193535355216146,166.04264166892983,2.64344193428628,-5.500154019853358,5.375856912010101,0.0002912603882940188,-707.9936200666148,1.0,0.9935679305067502,-536.4508243778312,1485949.4086457756,0.0,-657.3085562551879,0
161,1502934.3289708446,120234.74631766758,1382699.582653177,-14.014427352412682,9.4915518257102,5.118485435296867,155.75057250278095,2.4275907561554138,-10.292069166148925,5.300806992090821,0.0006566366556232011,-720.283040876088,1.000291260388294,1.0609199891688545,-540.1788799715575,1494131.5152880936,0.0,-700.721367620634,1
162,1511649.3987929139,120931.95190343312,1390717.4468894808,-14.230943273369167,0.0,5.21583625075915,181.52117199193518,0.9725173188154559,15.279047663444032,5.398157807553105,0.00018048201944813335,-709.9936111838539,1.0002,1.0206830488686678,-539.7514868553629,1502581.0027043747,0.0,-708.6444846866875,0
163,1520579.3352726665,121646.34682181332,1398932.9884508532,-14.577120142282565,0.0,5.238276597516912,188.34522790786335,nan,6.824055915928159,5.420598154310867,0.0,-716.2215528224654,1.0001804820194482,1.0220588902678809,-532.0557874587489,1511290.675503083,0.0,-728.8560071141283,0
164,1529438.7667007947,122355.10133606358,1407083.665364731,-14.464377841841653,0.0,5.277076138652743,195.7965556256258,nan,7.451327717762372,5.459397695446698,0.0,-716.3948361761543,1.0,1.0869725756731752,-528.0496082682912,1520224.769904862,0.0,-723.2188920920827,0
165,1538356.2579877947,123068.50063902358,1415287.7573487712,-14.565754053814642,0.0,5.094402835023075,162.71318483724602,-0.9333624759380996,-33.083370788379774,5.276724391817029,3.589945663960638e-05,-720.1205000350355,1.0,0.9116267948328606,-524.3239444094099,1529065.7153074644,0.0,-727.571827752798,0
166,1546595.3476531962,123727.6278122557,1422867.7198409406,-13.428856017969139,0.4069161411388371,4.987032694959974,144.19326702000274,0.8362936179921114,-18.519917817243254,5.169354251753928,0.0007225622617587138,-704.0958608638609,1.0000358994566396,1.0037820704443219,-540.9894467656385,1538043.5604999112,0.0,-670.6192608145049,1
167,1555087.7412052325,124407.0192964186,1430680.7219088138,-12.359261080682874,0.0,5.107815708990694,153.7427733339164,2.448078769095751,8.142590172774948,5.290137265784649,0.002562068536995852,-702.5349860235799,1.0006461958297355,0.958595348755582,-551.5068176553244,1546255.4221753958,0.0,-679.6306989833759,0
168,1563900.8906638878,125112.07125311103,1438788.8194107767,-14.300777531411082,0.0,5.026100753603159,152.33785029340618,nan,-1.4049230405103494,5.208422310397114,0.0,-718.4623906005033,1.0025620685369958,0.9587542325542625,-553.1535130638625,1554735.4818524667,0.0,-715.0388765705541,0
169,1572438.9719119105,125795.11775295284,1446643.8541589577,-13.939724486568311,0.0,5.027114414463503,152.4923475004544,nan,0.15449720704828468,5.209435971257458,0.0,-698.391147368926,1.0,0.96047691835765,-546.0532970755197,1563551.0698640519,0.0,-696.9862243284156,0
170,1580997.1023533586,126479.7681882687,1454517.33416509,-13.972457863589973,0.0,5.1053030724309485,164.89403779629248,nan,12.401690295838089,5.287624629224903,0.0,-698.4683959724495,1.0,0.9769933691543109,-545.9760484719957,1572093.1984429872,0.0,-698.6228931794986,0
171,1589781.221263207,127182.49770105656,1462598.7235621505,-14.34141862832414,0.0,5.110895803976696,165.81882952861054,nan,0.9247917323180646,5.293217360770651,0.0,-704.6692411203688,1.0,0.9218761295283262,-539.7752033240766,1580651.855294754,0.0,-717.070931416207,0
172,1598430.4125150128,127874.43300120103,1470555.9795138116,-14.121128574376932,0.0,5.0524787501906445,156.40968491307527,nan,-9.409144615535293,5.2348003069845985,0.0,-705.1316369865286,1.0,0.9735667338777646,-539.3128074579174,1589444.3717996618,0.0,-706.0564287188466,0
173,1606901.0561097001,128552.08448877602,1478348.971620924,-13.83234005017312,0.025525638413484097,5.0675763456381295,158.297577715729,-0.710429258417548,1.887892802653699,5.249897902432084,0.00010398496579029656,-700.4270646787603,1.0,0.880203999506556,-544.0173797656853,1598085.1949134446,0.0,-691.017920063225,1
174,1615619.774318901,129249.58194551208,1486370.192373389,-14.037213835541463,0.0,5.237062924221361,182.00754519672,1.8098010366563348,22.684441842577524,5.419384481015315,0.0005115927655267321,-706.6755542063714,1.0002083493264178,1.0294490399041683,-543.2401118313649,1606509.114032227,0.0,-705.269422135051,0
175,1624692.784368008,129975.42274944064,1494717.3616185673,-14.686300143864793,0.0,5.325466010231809,203.53254384064758,0.678825781680514,21.524998643927614,5.507787567025764,0.0007418887900596027,-721.1100707354226,1.0005115927655268,1.0485981005415235,-532.9932937405871,1615218.0912834937,0.0,-737.6852807798846,0
176,1633860.9511362186,130708.8760908975,1503152.0750453211,-14.95562405083061,0.0,5.275666489326847,195.5207455863655,nan,-8.01179825428209,5.457988046120802,0.0,-728.2277652266876,1.0007418887900597,0.8897343785909304,-522.7236600569555,1624281.6445755232,0.0,-747.7812025415304,0
177,1642599.087055393,131407.92696443145,1511191.1600909615,-14.288307423791958,1.0761902318250138,5.2630291352431104,190.62085330242138,0.8938710498933717,-4.89989228394413,5.445350692037065,8.626620236739772e-05,-719.982595015406,1.0,1.0330955132854773,-524.4618494290401,1633446.025031635,0.0,-711.9707967611233,1
178,1651591.062176651,132127.28497413208,1519463.7772025191,-14.615977679137252,0.0,5.3911960133279475,206.70405862419952,2.5464448888302726,14.007015089953153,5.573517570121902,0.0002474492171034654,-723.2210707867318,1.0002,1.0789610813871429,-526.5240272524852,1642177.2933646084,0.0,-721.0648824569934,0
179,1660815.551121663,132865.24408973305,1527950.30703193,-15.10686285785461,0.0,5.276117140809739,183.966515570742,2.4546503071525003,-22.737543053457586,5.458438697603693,0.00014754100310023145,-739.4016871070105,1.0002474492171034,0.9744286748295001,-519.9359745403709,1651183.4277027098,0.0,-740.6470482545234,0
180,1669303.490941231,133544.27927529847,1535759.2116659326,-13.969248792189745,7.944944838070205,5.377304849518579,198.08090249312585,2.9100247411649005,14.114386922383911,5.559626406312533,0.004813970328892181,-726.3772512667537,1.0001475410031002,0.9705956314089335,-530.7683741096334,1660425.7844095528,0.0,-691.9973466269176,1
181,1678499.9675191757,134279.99740153406,1544219.9701176416,-14.997365825944499,0.0,5.369859086444412,214.8325927468093,nan,7.806745415613204,5.5521806432383665,0.0,-740.8556683063497,1.0004520126766374,0.9959869042952186,-520.39207370202,1668890.1156088999,0.0,-749.8682912972249,0
182,1687533.6720033127,135002.693760265,1552530.9782430478,-14.748905280224813,0.0,5.538502841825093,254.29699149545803,nan,39.46439874864879,5.7208243986190475,0.0,-729.6385185956276,1.0,0.9901396040765424,-514.8059258488184,1678070.5826861816,0.0,-737.4452640112406,0
183,1697196.9021831162,135775.7521746493,1561421.1500084668,-15.776702334372015,0.0,5.753899295577538,315.4181742023318,nan,61.12118270687375,5.936220852371493,0.0,-749.3707179699521,1.0,1.0152079906002003,-495.07372647449404,1687064.7092526902,0.0,-788.8351167186007,0
184,1707499.7952104856,136599.98361683884,1570899.8115936466,-16.821049840605255,0.0,5.382897275588052,217.6519605107378,nan,-97.76621369159396,5.565218832382007,0.0,-779.9313093233887,1.0,0.9848400677496856,-464.5131351210569,1696689.7753361664,0.0,-841.0524920302627,0
185,1715555.7661048376,137244.461288387,1578311.3048164507,-14.168455191296037,47.87638380982234,5.294539958451522,126.0054217036412,4.293748843802049,-91.64653880709665,5.476861515245476,0.0004901805488406846,-731.0482024775918,1.0,0.9828979302738406,-513.396241966854,1707083.1792116927,0.0,-633.2819887859981,1
186,1724116.0032614884,137929.28026091907,1586186.7230005693,-13.854706785873526,0.0,5.136596417539911,168.8796866144585,0.2279513424423175,-6.002118899004939,5.318917974333866,0.001113415583198004,-716.5959548044203,1.000225129805353,0.9847267583610348,-535.5408240775497,1715186.858344471,0.0,-697.2156755111033,0
187,1732759.662258083,138620.77298064664,1594138.8892774363,-14.09295578269003,0.0,5.21580914585546,183.79098650217784,-0.9948277528040683,14.911299887719254,5.398130702649415,4.380003642122412e-05,-711.2473414243252,1.001113415583198,1.0159408010470155,-541.1116306009914,1723748.1230248357,0.0,-703.989198316445,0
188,1741692.5135413504,139335.40108330804,1602357.1124580423,-14.583527386154874,0.0,5.222947886253669,185.48015334201966,nan,1.6891668398418236,5.405269443047624,0.0,-714.6348565538799,1.0000438000364211,0.9855136191704432,-530.4740829178464,1732375.2612805683,0.0,-729.1763693077437,0
189,1750471.4939965827,140037.7195197266,1610433.774476856,-14.333029314661495,0.0,5.18703205271432,178.93668938919166,nan,-6.543463952827978,5.369353609508275,0.0,-714.9622988932329,1.0,1.0000529167658747,-529.482145551213,1741297.8767557864,0.0,-716.6514657330747,0
190,1759109.546007893,140728.76368063144,1618380.7823272615,-14.102942059279817,0.0,5.176042305402985,176.98098641206698,nan,-1.955702977124749,5.35836386219694,0.0,-711.6905669168187,1.0,1.0492103789949732,-532.7538775276267,1750079.6688968476,0.0,-705.1471029639908,0
191,1767855.3483850674,141428.4278708054,1626426.920514262,-14.428654505014979,7.339880571806804,5.151837011422249,160.07282725734143,2.539687784552231,-16.90815915472548,5.334158568216204,0.0014827902151097444,-710.7127154282563,1.0,0.9383296944649379,-533.7317290161895,1758721.62074421,0.0,-708.7570124511316,1
192,1776422.6406288773,142113.8112503102,1634308.8293785672,-13.984406704576633,0.0,5.206817833033992,182.5123483698296,nan,14.099640540681376,5.389139389827948,0.0,-711.0789029341826,1.0002,1.071424075189915,-538.6661951050345,1767489.6925008919,0.0,-699.2203352288317,0
193,1785335.4715814898,142826.83772651918,1642508.6338549706,-14.551560738956386,0.0,5.221574005727053,185.22550074244882,nan,2.7131523726191746,5.403895562521007,0.0,-713.4783964071378,1.0,1.0456278874996339,-530.9660480373078,1776032.0873824263,0.0,-727.5780369478193,0
194,1794125.4361123247,143530.03488898597,1650595.4012233387,-14.350962499321332,0.0,5.272241735104273,194.85228040515932,nan,9.626779662710442,5.454563291898227,0.0,-714.8349725934471,1.0,1.1349942880667847,-529.6094718509984,1784958.377040925,0.0,-717.5481249660666,0
195,1803083.465160729,144246.6772128583,1658836.7879478706,-14.643366723908636,0.8826455991722795,5.159336845128394,171.15580177806552,1.0623611194635432,-23.696478627093693,5.3416584019223485,0.0023243509364336136,-719.6483624248026,1.0,0.9863762105708213,-524.7960820196433,1793747.8102482657,0.0,-729.2751420875128,1
196,1811543.3236268046,144923.46589014438,1666619.8577366602,-13.795599242265839,5.894742637899441,5.057281874740726,147.65806509332006,2.251784529344421,-25.380382283917704,5.2396034315346816,0.000812367043529379,-713.3917727082274,1.0002,1.005093783597343,-536.3533253309894,1802722.9931750256,0.0,-686.8268860904684,1
197,1820054.4848308668,145604.35878646935,1674450.1260443975,-13.868874125952592,0.0,5.147811239972388,169.97006506900846,0.7344939130858329,15.417257337788772,5.330132796766342,0.00023218400265016608,-709.1178718870468,1.0008623954944713,0.9396649331618898,-547.731296893416,1811195.5178982338,0.0,-691.6947054654453,0
198,1828918.728613474,146313.49828907792,1682605.230324396,-14.467909833951557,0.0,5.1421849812495175,171.08918688181564,nan,1.1191218128072111,5.3245065380434715,0.0,-710.0626611841741,1.0002321840026502,1.0079769580974256,-538.0081692907811,1819698.6996578057,0.0,-723.3954916975779,0
199,1837606.778555709,147008.54228445672,1690598.2362712522,-14.230001082156734,2.2260576468560824,5.069922816925949,156.5479256216105,0.9609262323776578,-14.54126126020515,5.252244373719904,0.0002283929418744817,-707.7668156631308,1.0,0.8623070452799599,-536.677628781315,1828556.5835161295,0.0,-708.8859374759378,1
200,1846100.8924037756,147688.07139230205,1698412.8210114734,-13.878216334659825,0.6509435332760698,5.11644690474203,165.5645260265676,0.16325773969506546,5.79054275810104,5.2987684615359845,0.0002070412399343077,-706.7595406538418,1.0002,1.0176932094925906,-542.9855573853753,1837255.1901752916,0.0,-692.7334766351267,1
201,1854960.137039321,148396.8109631457,1706563.3260761753,-14.490065877729858,1.4211081456558539,5.04745299612635,145.18135660072713,2.3460490707114157,-22.034112959116513,5.229774552920305,0.0023664347927734313,-710.4802837995301,1.0002,0.9904373604828054,-539.2648142396866,1845761.1565701892,0.0,-714.0590701749273,1
202,1863254.5377271485,149060.3630181719,1714194.1747089766,-13.53886947031936,0.0,4.895365106933753,133.66880111251268,nan,-13.933663633870355,5.077686663727708,0.0,-700.6737813927998,1.0002,0.9245181993433477,-549.0713166464172,1854639.823017592,0.0,-676.943473515968,0
203,1871524.7939766715,149721.98351813373,1721802.810458538,-13.502459182892178,0.0,5.033479342903082,153.46604585281656,nan,19.797244740303935,5.215800899697037,0.0,-689.0566227784793,1.0,1.1121572377245776,-555.3878216659665,1862935.951579454,0.0,-675.1229591446089,0
204,1880329.5119778104,150426.36095822483,1729903.1510195856,-14.3750497977787,0.0,4.9587341712604625,142.41341076449163,nan,-11.052635088325017,5.1410557280544165,0.0,-698.9552451486312,1.0,0.9423011521676459,-545.4891992958144,1871192.4138452185,0.0,-718.752489888935,0
205,1888688.621561131,151095.08972489048,1737593.5318362406,-13.647525850322875,0.0,4.977497935859504,145.11085039882394,nan,2.697439634332303,5.159819492653458,0.0,-693.4289276044689,1.0,0.9765151590806802,-551.0155168399771,1879996.0254199263,0.0,-682.3762925161437,0
206,1897232.6913775676,151778.6153102054,1745454.0760673622,-13.949501741119342,0.0,5.094402984150267,163.10643842182603,nan,17.99558802300212,5.276724540944222,0.0,-694.7776474216346,1.0,1.1035590232734147,-549.6667970228111,1888350.3349281384,0.0,-697.475087055967,0
207,1906074.3864884062,152485.9509190725,1753588.4355693338,-14.435420589122764,0.0,5.09838393263803,163.75705091938556,nan,0.650612497559625,5.280705489431985,0.0,-703.7754414331356,1.0,0.9324905272734063,-540.6690030113099,1896870.2400954769,0.0,-721.7710294561382,0
208,1914707.5906506048,153176.6072520484,1761530.9833985565,-14.095027203589504,0.0,5.109730448611141,165.6257042175743,nan,1.8686532981887258,5.292052005405097,0.0,-704.1007476819154,1.0,0.955702665081125,-540.3436967625299,1905706.9914409388,0.0,-704.7513601794752,0
209,1923367.1613140625,153869.372905125,1769497.7884089376,-14.138074552583978,0.0,5.093823597345483,163.01196407486694,nan,-2.6137401427073694,5.276145154139438,0.0,-705.03507433101,1.0,0.9451551965726905,-539.4093701134358,1914328.7672831684,0.0,-706.9037276291989,0
210,1931962.549530508,154557.00396244065,1777405.5455680673,-14.043110968356997,0.0,5.190700505261259,179.03461147390237,-0.5803469079340217,16.022647399035414,5.373022062055214,2.7987654136095637e-05,-703.7282042596565,1.0,1.0737215969400227,-540.7162401847892,1922991.0044935327,0.0,-701.1144641169489,0
211,1940879.04431296,155270.3235450368,1785608.7207679232,-14.557151253053057,0.0,5.1471742039956405,171.94492189581686,nan,-7.089689578085551,5.3294957607895945,0.0,-712.3946194206839,1.000027987654136,0.9387950227327141,-532.8003037797154,1931565.2698288462,0.0,-727.8575626526529,0
212,1949467.5804844627,155957.40643875703,1793510.1740457057,-14.022099871840922,0.0,5.049898418645755,156.00661631811263,nan,-15.93830557770423,5.232219975439709,0.0,-708.1946831701314,1.0,0.9850668358321185,-536.2497612743143,1940477.683125448,0.0,-701.1049935920461,0
213,1957890.6131193857,156631.24904955085,1801259.3640698348,-13.860935596789528,4.661230262785985,5.025368699146761,144.1488196506921,2.0890888377340793,-11.85779666742058,5.207690255940715,0.00021701987486138878,-700.225530381279,1.0,0.94844988210178,-544.2189140631666,1949065.6314035428,0.0,-684.2872248035748,1
214,1966496.5148583772,157319.72118867017,1809176.793669707,-14.046539819616441,0.0,5.0399705359288625,154.465463777429,nan,4.655413863951017,5.2222920927228165,0.0,-703.455512738217,1.0002993081139715,1.0713748548409034,-548.290828974842,1957507.038120526,0.0,-702.3269909808221,0
215,1975131.7320533595,158010.53856426876,1817121.1934890908,-14.110679479825622,0.0,5.083324712557232,160.49178590839114,-0.2012755295003781,6.02632213096213,5.265646269351187,5.179687679174855e-05,-699.4549541109374,1.0,1.0602180287468839,-544.9894903335082,1966117.7747409404,0.0,-704.1103679748885,0
216,1983815.720242341,158705.2576193873,1825110.4626229538,-14.179209668471776,0.0,5.172947114191709,176.24438887822015,-1.6625516863233178,15.752602969829057,5.355268670985664,9.367575065379815e-05,-703.4613696515786,1.0000517968767917,1.0052511479178476,-542.1518966395936,1974755.7417808906,0.0,-708.6700046789468,0
217,1992715.0227817746,159417.20182254197,1833297.8209592327,-14.528076852310836,0.0,5.110739774304465,165.79295888933564,nan,-10.451429988884529,5.29306133109842,0.0,-710.8408940692606,1.0000936757506538,1.0195945375670428,-534.4068507674928,1983439.8174472929,0.0,-726.4038426155417,0
218,2001227.38739435,160098.190991548,1841129.1964028021,-13.901981506050177,0.0,5.031957598206436,153.00880847845838,-1.4966502928541179,-12.784150410877272,5.21427915500039,1.425239119469556e-05,-705.1187016668907,1.0,0.9997516402851292,-539.3257427775552,1992380.4676340932,0.0,-694.6672716780059,0
219,2009698.9559560784,160775.91647648628,1848923.0394795921,-10.992103673492068,0.0,5.02457456106353,149.3882818866255,0.9996199138271865,-3.620526591832932,5.206896117857484,0.013594559753763908,-698.9987232168659,1.0000142523911948,0.9790721290161458,-545.7660359043476,2000893.991658674,0.0,-685.9906939719287,0
220,2018889.1642567432,161511.13314053946,1857378.0311162036,-14.289633338190823,0.0,5.13973923173707,170.67125687080198,nan,21.282974984176477,5.322060788531024,0.0,-720.8194423448203,1.013594559753764,1.089331609875329,-568.7139116147486,2009348.4134295317,0.0,-714.4816669095411,0
221,2027817.4643708568,162225.39714966854,1865592.0672211882,-14.576816512836007,0.0,5.166579408771968,175.31413270254913,nan,4.642875831747187,5.348900965565924,0.0,-707.5578506576239,1.0,1.035846461253517,-536.886593786822,2018551.9732055387,0.0,-728.8408256418004,0
222,2036570.3608848208,162925.62887078567,1873644.732014035,-14.290443288104889,0.0,5.2360482350870585,187.92599375444854,nan,12.611861051899483,5.418369791881013,0.0,-709.8792885734973,1.0,1.104148389450187,-534.5651558709484,2027476.0769534537,0.0,-714.5221644052444,0
223,2045501.1634928253,163640.09307942603,1881861.0704133993,-14.583063821682908,0.0,5.2307974604094385,186.69163048565386,-1.3855254141206836,-1.2343632687947532,5.4131190172033925,0.00011533023390478437,-716.1852190994474,1.0,1.0224170714730856,-528.2592253449985,2036211.8824437144,0.0,-728.7970801513467,0
224,2054257.6118885528,164340.60895108423,1889917.0029374685,-14.294285504665455,0.0,5.3296869387985595,206.3733565512561,nan,19.681726065602334,5.512008495592514,0.0,-716.1988308127457,1.0001153302339048,1.0544140911696633,-529.2570080164132,2045155.0772729432,0.0,-714.7142752332727,0
225,2063384.9720639547,165070.79776511638,1898314.1742988382,-14.901812531269057,0.0,5.186102428367968,178.7704227809972,nan,-27.602933770259007,5.368423985161922,0.0,-725.4089004978512,1.0,0.9235282915973149,-519.0355439465945,2053900.0022834716,0.0,-745.0906265634528,0
226,2071868.0653085352,165749.44522468283,1906118.6200838524,-13.752866713649722,2.2212382532954393,5.09778159194805,153.04137839416202,2.3624625831578774,-25.729044386835145,5.280103148742005,0.0025387094953454523,-711.6074336127217,1.0,0.9755445791565881,-532.8370108317242,2063040.8498443593,0.0,-684.0044998424626,1
227,2080201.6762348397,166416.13409878718,1913785.5421360526,-13.595480104031571,0.0,5.108650419516183,165.44692020149455,nan,9.184303554037076,5.2909719763101375,0.0,-710.9159872725792,1.0007271805458406,1.0178973463396188,-546.3876959451258,2071522.4235699796,0.0,-679.7740052015786,0
228,2088958.3400094358,167116.66720075486,1921841.672808681,-14.301601199231111,0.24535679465825988,5.1395051226738,169.68123177481021,-0.05121531369335198,4.234311573315601,5.321826679467754,0.0010349873864274445,-704.9456823229702,1.0,1.0152156765742952,-539.4987621214758,2079833.336820743,0.0,-714.1299858770075,1
229,2097694.422159725,167815.553772778,1929878.8683869469,-14.259982062096642,0.0,5.2742005466599995,195.23433336639476,nan,24.307744796926347,5.456522103453954,0.0,-712.3358433043426,1.0002,1.0686216794630081,-537.4092547348743,2088588.9345501305,0.0,-712.9991031048321,0
230,2106810.224547578,168544.81796380624,1938265.4065837718,-14.882942674046927,0.0,5.312340877333256,202.82446029396564,nan,7.590126927570971,5.494662434127211,0.0,-719.8393889054203,1.0,0.9763746456454663,-524.6050555390256,2097295.2515520016,0.0,-744.1471337023463,0
231,2115767.7256439626,169261.41805151702,1946506.3075924455,-14.624491585935534,0.0,5.277300056571897,195.84040289185015,nan,-6.98405740211558,5.459621613365852,0.0,-723.6344523692053,1.0,1.039842618762275,-520.80999207524,2106421.81130434,0.0,-731.2245792967767,0
232,2124506.7427019244,169960.53941615397,1954546.2032857705,-14.286443292113695,0.9143566765956486,5.216035900805523,183.03873939833994,0.15168908657878918,-12.801663493510242,5.398357457599477,0.001328595619960659,-720.1424236681477,1.0,0.964588728818901,-524.3020207762978,2115388.4845495014,0.0,-713.1583662660325,1
233,2133128.9219676023,170650.3137574082,1962478.6082101942,-14.075167105567544,0.0,5.207005297906134,182.4814913508813,-2.732216668700594,-2.4716047240542043,5.38932685470009,2.6975020713032328e-05,-719.3490970570762,1.0002,0.986748951288699,-530.3960009821405,2124122.9858603003,0.0,-703.6369824991405,0
234,2141847.533810791,171347.80270486328,1970499.7311059278,-14.242029516274322,0.0,5.165692547151586,174.52530485442728,-0.45662568032550516,-7.9561864964541265,5.34801410394554,0.00016602693334516241,-713.6165711336112,1.0000269750207131,0.9916512078045598,-531.0700049025069,2132722.7787176482,0.0,-711.0798915293342,0
235,2150463.3600497376,172037.068803979,1978426.2912457585,-14.055505092279581,0.0,5.328570178475486,205.02820706402736,0.10868268850187572,30.502902209600148,5.510891735269441,0.0002748470262889238,-710.667250479312,1.0001660269333452,1.1339390317839801,-535.5085282285988,2141447.9147148496,0.0,-702.0776465865716,0
236,2159729.701020931,172778.37608167448,1986951.3249392565,-15.122963879625583,0.0,5.29373114526447,199.08485587407134,nan,-5.943351189956033,5.476052702058425,0.0,-726.7601003243198,1.000274847026289,0.9512192871308995,-520.6170847076515,2150039.871749584,0.0,-756.1481939812792,0
237,2168498.5119333058,173479.88095466446,1995018.6309786413,-14.316425979386054,0.0,5.4198386252583095,225.84267425797833,nan,26.757818383906976,5.602160182052264,0.0,-721.7646501592584,1.0,1.0047971175402277,-522.6797942851874,2159315.211810338,0.0,-715.8212989693027,0
238,2177831.8038105606,174226.54430484487,2003605.2595057157,-15.238027554702375,0.0,5.3738221653618075,215.68568057654093,nan,-10.156993681437292,5.556143722155762,0.0,-735.143559351212,1.0,1.0516370752955544,-509.30088509323366,2168046.782423076,0.0,-761.9013777351188,0
239,2186659.778636056,174932.78229088447,2011726.9963451715,-14.428124223247035,0.0,5.3431539617551485,208.41334814773492,-0.27701723294990066,-7.2723324288061155,5.525475518549103,4.7333914275615005e-06,-730.0650625104936,1.0,1.0803537896784559,-514.3793819339522,2177411.3080038847,0.0,-719.9080688290561,0
240,2195642.520888273,175651.40167106185,2019991.1192172114,-14.509135208886498,0.0,5.3819434718470855,203.49004316487387,2.6357962368670016,-4.923304982861028,5.5642650286410404,0.0008105446106449978,-727.2044701850706,1.0000047333914275,0.9936328605748389,-518.0330806036276,2186258.6695520487,0.0,-719.1740963225565,0
241,2204502.733245401,176360.2186596321,2028142.514585769,-14.451194194962909,0.0,5.263486322782862,192.59067606144896,-0.574406456524787,-10.899367103424938,5.445807879576817,0.00011989586776337135,-740.6488861013784,1.000810544610645,1.003123429767811,-523.2044238727549,2195235.364577826,0.0,-721.7711620547675,0
242,2213228.2168408036,177058.2573472643,2036169.9594935393,-14.260961350559576,0.8448655130543141,5.311116036413345,197.54266918398585,1.616118644874227,4.951993122536908,5.493437593207299,0.0012143299624269841,-719.4769580975919,1.0001198958677633,1.003898692172525,-526.3232430783938,2204114.5242690067,0.0,-708.014552036418,1
243,2222162.6643595174,177773.0131487614,2044389.651210756,-14.583843888098425,0.0,5.239251933912691,188.52901747737158,nan,-10.858517219668549,5.4215734907066455,0.0,-726.5663163681287,1.0002,0.9410622019253109,-523.1787816710881,2212830.9990147073,0.0,-729.1921944049212,0
244,2230813.3667957415,178465.06934365933,2052348.2974520822,-14.128752111326623,0.0,5.077078996792514,159.74838634314247,-0.5856690261311013,-28.780631134229203,5.259400553586468,0.00010923532991805736,-716.4867309609087,1.0,0.9576532941858836,-527.9577134835368,2221767.1127000977,0.0,-705.6282137412404,0
245,2239210.2395092887,179136.8191607431,2060073.4203485455,-13.798022160323038,4.442126893410517,5.164081330925702,158.6536414400663,2.7864355034699106,-1.0947449030761098,5.346402887719657,0.001024972329230814,-703.0153829476977,1.0001092353299181,1.0632603257148139,-542.7102633364714,2230444.2289946754,0.0,-673.6780185453845,2
246,2247969.4843029366,179837.55874423494,2068131.9255587016,-14.294789419005324,0.0,5.173922080177878,176.60614437550302,nan,11.510376042026191,5.356243636971833,0.0,-714.0707599837322,1.0004,1.0641964175604404,-540.9749916502558,2238844.1146474713,0.0,-714.7394709502662,0
247,2256814.4212659737,180545.1537012779,2076269.2675646958,-14.440713409040011,0.0,5.23285413741608,187.3266973905559,nan,10.720553015052982,5.415175694210035,0.0,-710.5252944099744,1.0,1.0381944953319922,-533.9191500344712,2247589.2716319333,0.0,-722.0356704520005,0
248,2265715.3462841464,181257.2277027317,2084458.1185814147,-14.532122478651084,0.0,5.207582099664664,182.65188978400514,nan,-4.674807606550845,5.3899036564586185,0.0,-715.8855709175008,1.0,0.9652594963289735,-528.5588735269448,2256424.604534124,0.0,-726.6061239325542,0
249,2274451.517014826,181956.1213611861,2092495.3956536402,-14.126155098221322,0.0,5.1780364020348335,173.18780166548274,1.4222535220034611,-9.464088118522433,5.3603579588287875,0.0005237493322618899,-713.5481671142254,1.0,0.9268174380534028,-530.8962773302204,2265324.6191280494,0.0,-708.8733595076744,0
250,2283140.6711160857,182651.25368928685,2100489.417426799,-13.950695099882022,0.0,4.985794442035741,138.74510087208037,2.0248098612616534,-34.44270079340238,5.168115998829695,0.0004921792489029263,-714.6364343764823,1.0005237493322618,0.8507609356069056,-537.3021786660127,2274062.088166829,0.0,-701.0258922129732,0
251,2291278.926430883,183302.31411447065,2107976.6123164124,-13.30141544069784,0.0,5.109702729815236,161.05390889066206,1.5189012990094275,22.308808018581672,5.292024286609191,0.00018154887466557726,-700.9114954089854,1.000492179248903,1.1025656433385855,-554.5917239675049,2282778.1545953425,0.0,-658.8941240461829,0
252,2300173.2129423753,184013.85703539,2116159.3559069852,-14.514790953231989,0.0,5.092405216476804,162.78091492024313,nan,1.7270060295811502,5.274726773270759,0.0,-707.9979440884656,1.0001815488746655,1.0350012830037383,-542.3768307523557,2290883.2292434066,0.0,-725.7395476615994,0
253,2308813.624092345,184705.0899273876,2124108.5341649577,-14.106793714238508,0.0,5.237553486795643,188.20908268423113,nan,25.4281677639879,5.419875043589598,0.0,-703.6126796823443,1.0,1.064542060554005,-540.8317647621011,2299773.5333161885,0.0,-705.3396857119254,0
254,2317900.1220011166,185432.00976008934,2132468.1122410274,-14.835098626566525,0.0,5.225357850147358,185.92769287502117,nan,-2.2813898092099594,5.4076794069413125,0.0,-716.3267635643381,1.0,0.9749677734575054,-528.1176808801076,2308387.656111663,0.0,-741.7549313283263,0
255,2326660.6852174015,186132.85481739213,2140527.830400009,-14.340846530960889,0.0,5.245084148707087,187.35054684328838,0.8247125720551779,1.4228539682673231,5.427405705501042,3.724334707472581e-05,-715.1860686597336,1.0,0.9525975095590241,-529.2583757847124,2317510.9613725147,0.0,-712.9046788505234,0
256,2335469.3837487167,186837.55069989734,2148631.8330488196,-14.395661649792027,0.0,5.149492638911651,170.6993082789748,0.4975696698187836,-16.651238564313587,5.331814195705605,0.00011590803643495652,-718.3051959711371,1.0000372433470748,1.0023471407770765,-528.6734241445683,2326299.1212404324,0.0,-717.4468249561237,0
257,2343946.6517532766,187515.73214026212,2156430.9196130144,-13.828922440090551,0.0,5.094822150359017,162.57965103326748,-0.5189074826807705,-8.119657245707423,5.277143707152972,0.0003555638256056084,-709.609844283203,1.000115908036435,0.9849542502447041,-537.2658168054447,2335135.899730783,0.0,-691.3138865201064,0
258,2352611.459917968,188208.91679343747,2164402.5431245305,-13.616703685224028,0.0,5.281620156115081,186.67139915608652,2.3042720608172154,24.09174812281897,5.463941712909035,0.0007131504958285705,-705.233972757852,1.0003555638256056,1.1151340475732494,-542.0591512976819,2343628.107223722,0.0,-696.5191450852421,0
259,2361707.6538440688,188936.6123075255,2172771.041536543,-14.64008832427335,0.0,5.330706621391005,203.36835215848774,1.167997494717842,16.696953002401273,5.513028178184959,0.0008124089250298726,-727.7757005281935,1.0007131504958287,1.0287171871072034,-531.0874174565681,2352282.9123977604,0.0,-741.8505647354739,0
260,2370821.856885759,189665.74855086074,2181156.1083348985,-14.862545402491378,0.0,5.216407185215446,184.27094196644853,nan,-19.097410192039284,5.3987287420094,0.0,-729.6458641592479,1.0008124089250299,0.973580805970256,-523.0619649636801,2361383.0628011962,0.0,-743.1272701245689,0
261,2379376.479044253,190350.11832354026,2189026.3607207127,-13.987453519805548,1.2984672734488596,5.246574837988589,185.51925421709043,1.4805609191440157,1.248312250642031,5.4288963947825435,0.002712196920640816,-714.3576932054473,1.0,0.9871125795571417,-530.0867512389987,2370507.537994675,0.0,-695.260283013408,1
262,2388205.657488337,191056.45259906695,2197149.20488927,-14.408592451349092,0.0,5.229632264570944,186.72412581680737,nan,-1.093595673731885,5.411953821364899,0.0,-722.5800500010752,1.0004580027782533,1.035091780692368,-529.7864529021266,2379039.4647365576,0.0,-720.4296225674545,0
263,2396958.168434184,191756.65347473472,2205201.5149594494,-14.289813789137888,0.0,5.3609964853718886,212.93702939814793,nan,26.212903581340633,5.543318042165844,0.0,-715.5842851306264,1.0,1.089673985193183,-528.860159313819,2387858.9291853565,0.0,-714.4906894568944,0
264,2406205.7380303415,192496.4590424273,2213709.2789879143,-15.098072810052741,0.0,5.413100750919686,224.32608971417716,nan,11.389060316029106,5.59542230771364,0.0,-728.6907369212969,1.0,1.0186328273921923,-515.7537075231487,2396595.0772362957,0.0,-754.903640502637,0
265,2415382.604228718,193230.60833829746,2222151.995890421,-15.025329545869413,0.0,5.235760635684067,184.4716561014537,1.2238630809102502,-39.85443361272344,5.418082192478022,7.696067434134749e-05,-734.3852670793112,1.0,0.8493442550326773,-510.05917736513413,2405849.1224120683,0.0,-745.7743273953405,0
266,2423651.517453075,193892.121396246,2229759.396056829,-13.497935762746309,0.0,5.272219620173798,194.84797130817327,nan,10.376315206719555,5.454541176967753,0.0,-718.1515197706789,1.0000769606743414,1.0115563026629446,-530.2795656485854,2415083.553919002,0.0,-674.8967881373154,0
267,2432663.956606731,194613.11652853846,2238050.8400781923,-14.739920967444776,0.0,5.47042246368324,231.84800208541336,1.7426620387998795,37.00003077724017,5.652744020477195,0.00015585160783876953,-719.6462078763095,1.0,1.1016725908327214,-524.7982365681364,2423344.7308029695,0.0,-730.0225230830288,0
268,2442167.9559916826,195373.4364793346,2246794.519512348,-15.524549871608016,0.0,5.216906116030307,183.84547428294584,-0.6588828182861699,-48.00252780246763,5.399227672824261,3.206534155571667e-05,-744.3900165241856,1.0001558516078388,1.0200042213192666,-506.8294842619571,2432341.262860538,0.0,-775.6775171246102,0
269,2450853.3504559216,196068.26803647375,2254785.082419448,-14.314723124856755,6.622107522453206,5.311075563323719,153.0862737875263,3.901603150196762,-30.7592004954195,5.493397120117674,0.00079566127169569,-714.7744009494602,1.0000320653415558,0.9571028403036438,-530.4114975925029,2441811.432369423,0.0,-666.254444072981,1
270,2459326.405841705,196746.11246733638,2262580.2933743685,-13.830550609843113,0.0,5.0588616153588095,157.41121977356923,nan,-3.29716153641031,5.241183172152764,0.0,-707.2267396745983,1.0002,1.000347862438821,-542.5183583646188,2450483.5922070453,0.0,-691.5275304921556,0
271,2467873.7524874695,197429.90019899755,2270443.852288472,-13.957059606525846,0.0,5.146934071252004,171.78951655205756,-2.1704986625186944,14.378296778488325,5.329255628045957,1.0395373629845097e-05,-700.9278321090073,1.0,1.0265233296221847,-543.5166123354381,2458952.9402526882,0.0,-697.630670572597,0
272,2476724.8526850855,198137.98821480683,2278586.864470279,-14.450610000106526,0.0,5.09749987640011,163.6123444507697,nan,-8.1771721012877,5.279821433194065,0.0,-708.2663239218444,1.00001039537363,1.0455332356141556,-536.3626866747808,2467482.412460785,0.0,-722.5305000053263,0
273,2485263.152156413,198821.05217251304,2286442.0999839,-13.937976207557154,0.0,5.150365940555652,171.34388997146596,0.1403805054084875,7.731545520696098,5.332687497349606,0.0002179234377947421,-704.0283944476076,1.0,0.9638357863883666,-540.4160499968378,2476356.586945598,0.0,-695.85122234632,0
274,2494039.8875729227,199523.19100583383,2294516.696567089,-14.326522532567193,0.0,5.017630843243243,151.0530112737807,nan,-20.290878697685187,5.199952400037196,0.0,-709.7452926752038,1.0002179234377948,0.9354582498730901,-537.2506911361978,2484880.8369454155,0.0,-716.3261266283596,0
275,2502338.7462251494,200187.09969801197,2302151.6465271376,-13.549156983228556,0.0,4.984853191501153,146.18211267424786,nan,-4.870898599532781,5.167174748295109,0.0,-697.7487278591133,1.0,0.959248373547885,-546.6957165853327,2493668.138578546,0.0,-677.4578491614278,0
276,2510831.7242368776,200866.5379389502,2309965.1862979275,-13.84548952868268,0.0,5.1216345441393605,164.76775982133253,1.0442794698418005,18.585647147084607,5.303956100933315,0.00027104044575354693,-695.3132785593467,1.0,1.0754177214261575,-549.1311658850988,2501957.4074809793,0.0,-690.442379959814,0
277,2519726.0222583576,201578.0817806686,2318147.940477689,-14.473681902976617,0.0,5.052283284588646,154.83845561578983,0.43221061812880446,-9.929304205542682,5.234604841382602,0.0004570876151240389,-708.379561412296,1.0002710404457535,0.9187593159666642,-540.7704510837818,2510446.3694339665,0.0,-724.1238580521992,0
278,2528197.5755175794,202255.80604140635,2325941.769476173,-13.823224221351138,0.0,5.190144282904602,179.4944490440723,nan,24.655993428282372,5.372465839698556,0.0,-702.6311748449275,1.000457087615124,1.1053299107701302,-546.2520596573094,2519359.778782733,0.0,-691.1612110675569,0
279,2537221.2371596918,202977.69897277534,2334243.5381869166,-14.732508803450827,0.0,5.10102972372226,164.19089153742627,nan,-15.303557506645944,5.283351280516215,0.0,-711.9694467442591,1.0,0.929763033950207,-532.4749977001868,2527832.3221493084,0.0,-736.6254401725413,0
280,2545673.911591159,203653.91292729275,2342019.9986638664,-13.82424964390053,1.1742780339361563,4.942265451140189,137.88887946075,0.7877169548481607,-26.30201207667625,5.124587007934143,0.0001682838043175598,-704.3176679909365,1.0,0.8564733484167532,-540.1267764535097,2536891.4857115075,0.0,-689.0141104842904,1
281,2553888.021071694,204311.04168573552,2349576.9793859585,-13.407781784945817,0.0,5.129305660705558,168.89980355113997,nan,28.836646056453755,5.311627217499513,0.0,-696.9041277669514,1.0002,1.0639947094515758,-552.8409702722654,2545348.887863326,0.0,-670.3890892472908,0
282,2562898.003504859,205031.84028038871,2357866.16322447,-14.710175401084935,0.0,5.175722713385927,176.9244337390112,nan,8.02463018787116,5.35804427017988,0.0,-706.6721239977927,1.0,1.019495513829935,-537.7723204466528,2553519.897355372,0.0,-735.5087700542467,0
283,2571702.1896035336,205736.1751682827,2365966.014435251,-14.37418138559199,0.0,5.006220754247031,149.33927848636216,nan,-27.585155252648974,5.188542311040985,0.0,-710.6844390917282,1.0,0.9329563645413261,-533.7600053527175,2562525.9177851826,0.0,-718.7090692795995,0
284,2579961.199889064,206396.89599112511,2373564.3038979387,-13.525262080901935,2.0701754164635737,5.04507165029947,148.24586877056583,1.9472740937206434,-1.0934097157963145,5.227393207093425,0.0012205065083374306,-696.8918614654037,1.0,0.9783455717452514,-547.5525829790416,2571335.530195157,0.0,-669.3067062127551,1
285,2588557.5698186867,207084.60558549495,2381472.9642331917,-14.028397951052241,0.0,4.92854502628574,138.17832018705374,nan,-13.137723999975615,5.110866583079695,0.0,-704.0835729740066,1.0004123570151953,0.9507675169822578,-547.9071868088387,2579597.888021092,0.0,-701.419897552612,0
286,2596871.7604660084,207749.74083728067,2389122.019628728,-13.558420550333688,0.0,4.994707792632268,147.10978654449832,-0.6538995057648569,8.931466357444599,5.177029349426224,0.0004971630722464234,-691.3113823157495,1.0,1.0329081407358545,-553.1330621286961,2588197.0490376353,0.0,-678.1736583157743,0
287,2605528.900036871,208442.31200294968,2397086.588033921,-14.125424178448856,0.0,5.019782720067087,151.37840872997018,nan,4.2686221854718,5.202104276861042,0.0,-697.859756585241,1.0004971630722463,0.9441113866569846,-550.2299560204999,2596501.5221089893,0.0,-706.2712089224428,0
288,2614130.605634336,209130.4484507469,2405000.157183589,-14.043600975453595,0.0,5.086004731400005,161.74236525976136,nan,10.363956529791247,5.26832628819396,0.0,-697.9114265872079,1.0,0.8920890433327432,-546.533017857238,2605154.5491063003,0.0,-702.1800487726797,0
289,2622870.458311264,209829.6366649011,2413040.821646363,-14.269147227637898,0.0,5.056860300615803,157.0965054050172,nan,-4.6458598547441605,5.239181857409757,0.0,-703.0934048521034,1.0,1.0410492882356506,-541.3510395923422,2613748.7040121653,0.0,-713.4573613818949,0
290,2631508.2306232755,210520.65844986204,2420987.5721734134,-13.645126819955845,0.0,5.132387089451652,160.87876224336037,2.145029907345293,3.7822568383431006,5.314708646245607,0.0013088759770767567,-700.7704749247314,1.0,0.9872786527596299,-543.6739695197142,2622542.479488174,0.0,-696.1246150699874,0
291,2640235.219724559,211218.81757796474,2429016.4021465946,-14.213233650018,0.0,5.063902278884938,158.20667990685277,nan,-2.67208233650757,5.246223835678893,0.0,-715.421722373448,1.0013088759770767,1.0590276600621156,-546.0006634191967,2631182.752391622,0.0,-710.6616825008999,0
292,2648870.925511004,211909.67404088032,2436961.2514701234,-14.070848649344201,0.0,5.059537818809232,151.24386605395898,1.8363872885443722,-6.962813852893826,5.241859375603186,0.0002441477922371342,-701.3255621756493,1.0,0.9297297946950225,-543.1188822687965,2639890.939027193,0.0,-698.6534798391416,0
293,2657346.2958065975,212587.7036645278,2444758.5921420697,-13.833970125882752,0.0,5.11510759410141,166.51869644901447,nan,15.274830395055547,5.297429150895364,0.0,-704.9351518729281,1.000244147792237,1.0164726388372933,-547.4174540930725,2648537.28891565,0.0,-691.6985062941376,0
294,2666175.5617169086,213294.04493735268,2452881.516779556,-14.415128016835704,0.0,5.140958290637101,170.87944205468852,nan,4.3607456056740155,5.323279847431056,0.0,-705.4815704467302,1.0,1.039199128379279,-538.9628739977157,2656993.2540522693,0.0,-720.7564008417852,0
295,2674897.839655385,213991.82717243079,2460906.012482954,-14.240453777104822,0.0,5.156118425413619,173.4897336193877,nan,2.610291564699169,5.338439982207574,0.0,-707.6619432495675,1.0,1.0350121917157935,-536.7825011948784,2665827.887718881,0.0,-712.0226888552411,0
296,2683627.165832628,214690.17326661025,2468936.992566018,-13.989910977408856,0.0,5.180553171805173,177.02250274492948,-0.2762482746394923,3.532769125541824,5.362874728599128,0.003585193931489895,-708.9670890319163,1.0,1.0083260496470041,-535.477355412529,2674542.0897120154,0.0,-711.5773805966157,0
297,2692557.5300234794,215404.60240187836,2477152.927621601,-14.46030388805094,0.0,5.10821400314135,165.3747322095096,nan,-11.647770535419887,5.2905355599353046,0.0,-720.2410498371444,1.00358519393149,0.9935815511187492,-542.4599225320757,2683252.5145671796,0.0,-723.015194402547,0
298,2701049.9872914264,216083.99898331412,2484965.988308112,-13.865236355831156,0.0,5.005871303466215,149.28710087617287,nan,-16.08763133333677,5.188192860260169,0.0,-704.9095883269777,1.0,0.9407242660028601,-539.534856117468,2692203.4707183256,0.0,-693.2618177915577,0
299,2709415.2407879834,216753.21926303869,2492662.021524945,-13.586145025349103,0.7637365577191684,5.027835665363268,149.8103524356189,1.0267653412830902,0.5232515594460199,5.210157222157223,0.0007159668161132115,-696.8657726603093,1.0,1.009602903353244,-547.5786717841362,2700695.938584703,0.0,-680.7781413269724,1
300,2718104.5895172833,217448.36716138266,2500656.222355901,-14.170945289590847,0.0,5.028406829177234,152.6895582656921,nan,1.115469272354067,5.210728385971189,0.0,-706.5400194971445,1.0008841508220283,0.9842611995635001,-549.2049461798097,2709037.287810701,0.0,-708.5472644795424,0
301,2726675.6997824702,218134.0559825976,2508541.6437998726,-13.993649412548466,0.0,4.970004239315652,144.02749794765177,nan,-8.66206031804034,5.152325796109607,0.0,-698.5670013550687,1.0,0.9291058424761294,-545.8774430893767,2717738.277525953,0.0,-699.6824706274233,0
302,2735073.9801907246,218805.91841525797,2516268.0617754664,-13.711478217560169,0.0,4.951674331012296,141.41153553605906,nan,-2.6159624115927773,5.13399588780625,0.0,-694.2359711960486,1.0,0.9769554983214753,-550.2084732483971,2726308.5046226718,0.0,-685.5739108780084,0
303,2743530.3025285634,219482.4242022851,2524047.878326278,-13.806240551573195,0.0,4.921271508884936,137.17692402179847,nan,-4.234611514260548,5.103593065678891,0.0,-692.9279899902522,1.0,0.9659959429159927,-551.5164544541933,2734702.964221819,0.0,-690.3120275786597,0
304,2751940.8594193696,220155.26875354958,2531785.59066582,-13.731521454377223,0.0,5.036229003743705,153.88860611192675,nan,16.711682090128324,5.218550560537659,0.0,-690.8106842331217,1.0,0.9820641868708897,-553.6337602113238,2743162.99402338,0.0,-686.5760727188612,0
305,2760710.3674596306,220856.82939677045,2539853.5380628603,-14.3175641473663,0.0,5.007907520815545,149.59139155685276,nan,-4.29721455507401,5.190229077609499,0.0,-699.1665252781862,1.0,0.9379914548556199,-545.2779191662595,2751563.55063365,0.0,-715.878207368315,0
306,2769196.1960768383,221535.69568614708,2547660.500390691,-13.854414068911508,0.0,5.104752717822079,164.80331257042923,nan,15.211921013576411,5.2870742746160335,0.0,-697.0179180006493,1.0,0.9792061506697323,-547.4265264437964,2760356.139742362,0.0,-692.7207034455754,0
307,2778014.1846209704,222241.13476967765,2555773.0498512927,-14.396715990420278,0.0,5.252471479209005,191.03783151817805,nan,26.234518947748928,5.43479303600296,0.0,-704.6238785074372,1.0,1.1140058133832687,-539.8205659370084,2768835.240349208,0.0,-719.8357995210139,0
308,2787127.886418353,222970.23091346823,2564157.6555048847,-14.879513138581213,0.0,5.175860963714887,176.94889529104648,nan,-14.088936227131654,5.358182520508841,0.0,-717.741137981312,1.0,0.9796543299469153,-526.7033064631339,2777635.1665158416,0.0,-743.9756569290606,0
309,2795683.1349651916,223654.65079721532,2572028.4841679763,-14.019200202272815,1.7946134975576813,5.190772311636319,175.98124831455655,1.2881201305450878,-0.9676469764899436,5.373093868430273,0.00036805206174927286,-710.6966698677459,1.0,0.9509263563454722,-533.7477745766997,2786778.0326804435,0.0,-696.6077336406147,1
310,2804443.819517626,224355.5055614101,2580088.313956216,-14.303801591446229,0.0,5.174678921730693,176.50349180250294,-1.4423736792575144,-2.2723700096112065,5.357000478524648,4.856981113874501e-05,-717.1355290241437,1.0002202388191224,0.9612930891902002,-533.5515809908992,2795338.8925071373,0.0,-714.7747487705066,0
311,2813121.557517893,225049.72460143146,2588071.832916462,-14.16719223487489,0.0,5.310418054653772,202.4348395276251,nan,25.931347725122063,5.4927396114477265,0.0,-710.8683477884708,1.0000485698111388,1.0343621746571765,-534.1284899508526,2804097.540892148,0.0,-708.3596117437445,0
312,2822301.352141856,225784.10817134852,2596517.2439705078,-14.987419794223145,0.0,5.087426318523877,161.97245963444945,nan,-40.46237989317564,5.269747875317832,0.0,-723.4396419860356,1.0,0.9546695678202373,-521.0048024584105,2812742.2657279125,0.0,-749.3709897111572,0
313,2830521.019152825,226441.681532226,2604079.337620599,-12.406188375540108,0.0,5.207768334576912,175.45243200363393,1.9787198481874886,13.47997236918456,5.3900898913708675,0.0021020247032889103,-703.2084520394474,1.0,1.0300016581920366,-541.2359924049981,2821943.5669973623,0.0,-662.746072146272,0
314,2839484.283048354,227158.74264386835,2612325.5404044855,-14.589547088686988,0.0,5.100350583373398,164.07942073451207,nan,-11.373011269121813,5.282672140167354,0.0,-723.2308591718971,1.002102024703289,0.9733782936517378,-540.5449500615306,2830151.546662894,0.0,-729.4773544343494,0
315,2847972.1723345276,227837.7737867622,2620134.3985477653,-13.857778426407137,0.0,5.156582704964029,173.57030005614044,nan,9.490879321628322,5.338904261757984,0.0,-704.2619325894786,1.0,1.02507788218929,-540.1825118549668,2839145.089501204,0.0,-692.8889213203569,0
316,2856773.7759162844,228541.90207330274,2628231.8738429816,-14.369965031438426,0.0,5.2525264844844886,191.0483398957339,nan,17.478039839593407,5.434848041278443,0.0,-709.007372250293,1.0,0.9951365280533089,-535.4370721941527,2847606.043906155,0.0,-718.4982515719213,0
317,2865780.275208403,229262.42201667224,2636517.8531917306,-14.704488640193668,0.0,5.329320890433519,206.29782774594386,nan,15.249487850209913,5.511642447227474,0.0,-717.74639217009,1.0,1.0502093180626881,-526.6980522743559,2856409.5102306823,0.0,-735.2244320096834,0
318,2874852.877851736,229988.23022813885,2644864.6476235967,-14.812412478908097,0.0,5.190507224725959,179.55960690987388,nan,-26.73822083606985,5.372828781519914,0.0,-725.3711360951949,1.0,0.8908713210941297,-519.0733083492511,2865433.0261323215,0.0,-740.6206239454049,0
319,2883416.6694556675,230673.3335564534,2652743.3358992143,-11.927872150733412,0.0,5.2262226673542695,174.32116026737893,2.4653326244181213,-5.238446642495034,5.408544224148224,0.0019104480233772703,-712.0020256771596,1.0,1.0001119390450386,-532.442418767286,2874542.9282438867,0.0,-685.2638048410901,0
320,2892175.05576622,231374.00446129762,2660801.0513049224,-14.250174321176463,0.351063942417041,5.173487985093828,172.38711408684978,1.4212712422464118,-1.9340461805290599,5.355809541887783,0.004792172276143086,-726.4442631708531,1.0019104480233774,1.006343962676342,-540.3557072792659,2883112.9387837253,0.0,-709.4384209041496,1
321,2900883.053708927,232070.64429671416,2668812.4094122127,-14.21648898114235,0.0,5.201058167168637,180.90791838451062,-0.5865529993156827,7.169740355243745,5.383379723962591,8.815355031673463e-06,-717.0429908185918,1.0006480808279878,1.0631617163030422,-537.4748262088475,2891883.223498015,0.0,-709.7364836854418,0
322,2909701.6078556576,232776.12862845263,2676925.479227205,-14.397557861853798,0.0,5.249509226641329,190.47276655700688,nan,9.564848172496273,5.431830783435283,0.0,-713.2643940857043,1.0000088153550317,0.9808616854377458,-531.8002343529353,2900574.5445566736,0.0,-719.8778930926899,0
323,2918608.8644884774,233488.7091590782,2685120.1553293993,-14.544401034737609,0.0,5.194978842509794,180.26284871316017,-2.2879133808241066,-10.20991784384682,5.377300399303748,1.2530619770288688e-05,-717.458605500726,1.0,1.0027019588331536,-526.9858389437196,2909385.0203529946,0.0,-727.0234536732225,0
324,2927275.154921431,234182.0123937145,2693093.1425277167,-14.00068113967776,1.6129857474521079,5.26300818002811,186.33850356807034,1.9055164077125755,6.075654854910187,5.445329736822064,0.0016108655579857437,-712.4969039921604,1.0000125306197702,1.0993398546830122,-532.1325772919956,2918292.254158419,0.0,-702.185508161309,1
325,2936194.301344185,234895.5441075348,2701298.75723665,-14.544754237323998,0.0,5.290767850576816,198.49578200905523,nan,9.544292693532917,5.473089407370771,0.0,-728.0763145904358,1.0007637499297881,1.0341522605159856,-530.2454678216978,2926951.4489674866,0.0,-727.2377118661999,0
326,2945149.2278167084,235611.93822533666,2709537.2895913715,-14.620288118405668,0.0,5.35457498881136,211.57403590891357,nan,13.078253899858211,5.536896545605315,0.0,-721.4701132267508,1.0,0.9619741232997745,-522.9743312176952,2935872.117595053,0.0,-731.0144059202834,0
327,2954227.549619146,236338.2039695317,2717889.3456496145,-14.82174988153076,0.0,5.180615440017142,177.792197762653,nan,-33.781838146260505,5.362936996811096,0.0,-728.0092401766796,1.0,1.0192184628246819,-516.4352042677662,2944825.082960398,0.0,-741.087494076538,0
328,2962797.202877852,237023.7762302282,2725773.426647624,-13.825506231472717,3.9847548612813233,5.21652880780262,158.24731600606412,3.2598656964457087,-19.544881756588854,5.398850364596575,0.011897184083288166,-711.1183211035495,1.0,0.914858607660243,-533.3261233408962,2953914.1574600125,0.0,-677.3364829572891,1
329,2971257.70054016,237700.6160432128,2733557.084496947,-13.827958711838697,0.0,5.0937985499229885,152.5626115968785,2.3461491964551704,-10.669459270466964,5.276120106716943,0.00017649165167822476,-731.3335269264396,1.000511697270086,0.9244326017869706,-542.4228417002432,2962501.1447845735,0.0,-690.1701804233794,0
330,2979698.9715965893,238375.91772772715,2741323.0538688623,-13.792163475699887,0.0,5.061621861936791,157.17824875827137,-0.40336980013157314,4.6156371613928675,5.243943418730745,4.602522430132606e-05,-709.5405117569043,1.0001764916516782,1.0632161919746923,-546.5326306604385,2970967.826654342,0.0,-688.4257829868503,0
331,2988343.0917281266,239067.44733825015,2749275.6443898766,-14.111775646562487,0.0,5.0800982864746596,160.7898586203639,nan,3.611609862092468,5.262419843268614,0.0,-701.6412101698436,1.0000460252243013,1.0229318381742458,-543.7948964084605,2979385.8841220033,0.0,-705.5887823281244,0
332,2996994.3940552105,239759.55152441683,2757234.8425307935,-14.124575227889935,0.0,5.246385954936604,189.87879640262668,nan,29.088937782262768,5.4287075117305585,0.0,-702.6171515324044,1.0,1.127671898846774,-541.827292912041,2988015.0431300504,0.0,-706.2287613944967,0
333,3006135.9633932305,240490.87707145844,2765645.086321772,-14.925011164115979,0.0,5.318526438546054,204.0829315715821,nan,14.204135168955606,5.500847995340008,0.0,-717.1616204235361,1.0,1.041422276545827,-527.2828240209096,2996622.3443461685,0.0,-746.2505582057989,0
334,3015182.5097983032,241214.60078386427,2773967.909014439,-14.770295176420241,0.020751238655881465,5.4621448454607515,235.5552775181426,-3.0589778912810486,31.472345946560363,5.6444664022547055,8.480078925013957e-06,-724.2636880080144,1.0,1.133284677049372,-520.1807564364318,3005772.42334627,0.0,-738.4678231769697,1
335,3024662.920567522,241973.03364540174,2782689.88692212,-15.475212460347139,0.0,5.408260314080667,223.24287717147593,nan,-13.333151585322552,5.590581870874621,0.0,-745.1605633980078,1.0002,0.8981587978624875,-504.5845346412093,3014807.7924812986,0.0,-773.7606230173569,0
336,3033489.174305501,242679.13394444008,2790810.0403610608,-14.410210184452769,0.0,5.2819591293656964,196.7549664395966,nan,-26.487910731879317,5.464280686159651,0.0,-733.8436608079611,1.0,1.097398691588221,-510.6007836364851,3024295.1584339514,0.0,-720.5105092226385,0
337,3042201.280758388,243376.10246067104,2798825.1782977167,-14.183308216124313,0.4853415647981745,5.210653375295455,165.68835511609285,2.8636496196786485,-31.066611323503707,5.39297493208941,0.00042165887544912204,-720.599705442021,1.0,0.9144646315072706,-523.8447390024246,3033116.7854895853,0.0,-694.1117947101419,1
338,3050556.5899344906,244044.52719475926,2806512.0627397313,-13.14405015915581,0.0,5.134910473059317,158.22737731406153,2.452877121373281,-8.946319366829488,5.317232029853272,0.0006161429064433853,-724.4538002445919,1.0004374709752923,0.951789292794001,-540.0871979266876,3041855.934804031,0.0,-681.384022544016,0
339,3059094.131424739,244727.53051397915,2814366.60091076,-13.907699438428695,0.0,5.254835502517029,190.80716923753846,-0.3815321904974207,32.57979192347686,5.437157059310984,0.0001934926044208588,-715.2479959739234,1.0006161429064433,1.1213687169120516,-545.3988828514128,3050216.0941448514,0.0,-694.6799407986449,0
340,3068294.1739497017,245463.53391597615,2822830.6400337256,-15.016885699892791,0.0,5.192690462743186,179.9520565196065,nan,-10.855112717931972,5.37501201953714,0.0,-718.9473074767316,1.000193492604421,0.9413065425654512,-527.4573238336245,3058735.316357852,0.0,-750.8442849946396,0
341,3076885.627387312,246150.85019098493,2830734.7771963268,-14.026862755281883,0.0,5.267349178420108,193.9012828798982,nan,13.949226360291673,5.449670735214063,0.0,-712.198250482026,1.0,0.9928974946020297,-532.2461939624197,3067955.406423253,0.0,-701.3431377640941,0
342,3085866.3729900853,246869.30983920684,2838997.0631508785,-14.662441800449272,0.0,5.300724205037671,200.48194745010832,nan,6.580664570210121,5.483045761831625,0.0,-719.172863662172,1.0,1.0822906068218137,-525.2715807822736,3076521.899695955,0.0,-733.1220900224636,0
343,3094806.90020007,247584.5520160056,2847222.3481840645,-14.605278455423623,0.0023617386330427315,5.270231126250652,193.65494579560965,-0.21572553863247146,-6.827001654498652,5.452552683044606,0.00017937495263045146,-722.4631959472772,1.0,0.9837244949978602,-521.9812484971687,3085497.680457159,0.0,-729.0438605174872,1
344,3103554.2772556227,248284.3421804498,2855269.9350751727,-14.27811030065753,0.0,5.3035655307877825,201.05239199544596,nan,6.3950844612031865,5.485887087581737,0.0,-724.7951475749841,1.0002311841350744,0.9878795776067584,-525.6472394938795,3094442.760242604,0.0,-713.9055150328766,0
345,3112500.865099468,249000.06920795742,2863500.7958915103,-14.53444686035217,0.0,5.393144248006075,218.77572836627812,0.11151604963769834,17.723336370832303,5.575465804800029,0.0008331343435448584,-722.7484182199458,1.0,0.9955818099552186,-521.6960262244999,3103179.5011726543,0.0,-729.143502681149,0
346,3121721.563387232,249737.72507097854,2871983.8383162534,-15.037571048631312,0.0,5.395744872892327,220.46630532490573,nan,1.6905769586274857,5.578066429686281,0.0,-735.2731877476353,1.0008331343435448,0.979274556031503,-515.3794876944553,3112095.313758189,0.0,-751.8785524315656,0
347,3130720.42080558,250457.6336644464,2880262.7871411336,-14.696746055879295,0.0,5.312524759732407,202.40237189121962,-0.7778608059203668,-18.063933433685975,5.4948463165263615,9.901197605467945e-05,-732.4553748846757,1.0,0.9532283504196739,-511.98906955977037,3121310.917725351,0.0,-734.145951843303,0
348,3139365.912717864,251149.2730174291,2888216.6397004346,-14.113682498241262,0.0,5.220142551644203,184.9605486218026,nan,-17.441823269417025,5.402464108438158,0.0,-724.2074460260957,1.0000990119760547,0.9264751925814623,-521.3456864545293,3130337.772506924,0.0,-705.6841249120631,0
349,3147907.355965344,251832.58847722752,2896074.7674881164,-13.945213465274136,0.0,5.348455378584732,210.28323889071285,nan,25.32269026891019,5.530776935378686,0.0,-714.7024965331243,1.0,1.0477173019896722,-529.7419479113215,3138973.9880910045,0.0,-697.2606732637068,0
350,3157127.7659815676,252570.22127852542,2904557.544703042,-15.053730638729787,0.0,5.2344725338076366,187.63011169773964,nan,-22.653127192973173,5.4167940906015914,0.0,-727.3638416675795,1.0,1.0092876182304704,-517.0806027768664,3147480.313514871,0.0,-752.6865319364894,0
351,3165733.3171084165,253258.6653686733,2912474.651739743,-11.535626812158107,0.0,5.328022608682604,199.43460274492142,1.8863976175041963,11.804491047181854,5.510344165476559,0.022876118773576253,-716.0372780710923,1.0,1.1210065192057195,-528.4071663733529,3156737.6232183482,0.0,-693.3841508781196,0
352,3175945.839141935,254075.66713135483,2921870.17201058,-15.379543421738981,0.9967772645950563,5.407886834785341,217.76950973924852,1.6845465737054215,18.33490699432702,5.590208391579296,0.00040344407526018473,-763.8610640603165,1.0228761187735762,1.0231600215132524,-557.8308952334474,3165291.1860630843,0.0,-769.0699890255514,1
353,3185192.159093528,254815.37272748226,2930376.786366046,-15.084075648118713,0.0,5.464234294212426,236.0950065663638,nan,16.32871956252025,5.64655585100638,0.0,-743.489720138514,1.0006034440752603,1.0471093500674196,-514.3334267271183,3175493.0930340188,0.0,-754.2037824059356,0
354,3194460.490045612,255556.83920364897,2938903.6508419635,-15.131968901358501,0.0,5.203851507844616,181.9717595709641,nan,-54.12324699539971,5.386173064638571,0.0,-740.2697255054048,1.0,0.9452843950790798,-504.17471893904104,3184726.764010099,0.0,-756.598445067925,0
355,3202813.95189182,256225.1161513456,2946588.8357404745,-13.57310219645063,0.0,5.385629748699866,195.48230703966806,3.1252328292946814,13.510547468704003,5.567951305493821,0.0002280686380002484,-713.2081020077051,1.0,0.9107770522780914,-531.2363424367409,3194066.4165375447,0.0,-659.0848550123054,0
356,3211828.4140803306,256946.27312642644,2954882.140953904,-14.693554728994576,0.0,5.194113621869531,180.20833925344687,nan,-15.273967786221267,5.376435178663485,0.0,-743.932383861822,1.0002280686380003,0.8975859036052647,-525.6848819413565,3202379.5726609714,0.0,-734.6777364497287,0
357,3220372.7544918614,257629.82035934893,2962742.9341325127,-13.949884442676336,0.0,4.966516140693764,143.08129768953916,-0.8103704426376869,-37.127041563907696,5.148837697487719,0.0002013021249656651,-712.3263918489463,1.0,0.9847439845529389,-532.1180525954994,3211401.369678635,0.0,-697.0524240627249,0
358,3228821.708348088,258305.73666784703,2970515.9716802407,-13.856200495628345,3.1789010848596106,5.2005848400670205,145.85261480569952,3.570255627964612,2.7713171161603407,5.3829063968609745,0.006056294715985726,-694.8560863010996,1.0002013021249656,1.073313363142786,-551.3300953092131,3219994.4613351724,0.0,-657.2843514348451,1
359,3237474.243853943,258997.93950831544,2978476.3043456273,-14.164179036493547,1.989383300056362,5.02342068448973,148.73287607168336,1.162289460769424,-1.2986398188757238,5.2057422412836845,0.0003429786181985456,-701.888306964888,1.0002,1.021231104317007,-547.8567910743292,3228454.534091865,0.0,-705.0117069548587,1
360,3246102.2094366155,259688.17675492924,2986414.0326816863,-14.090175430076291,0.6394310859454471,5.050536916386589,152.5756769797248,1.2614624516136868,0.8534176079851024,5.232858473180544,0.0004099134361348179,-702.7336787054783,1.0002,0.9761162576038522,-547.0114193337388,3237148.858348153,0.0,-701.2888211317661,1
361,3254726.1906212503,260378.09524970004,2994348.0953715504,-14.071507855655753,0.0,5.0459718344667905,155.39524429403693,nan,1.1801362283667607,5.228293391260745,0.0,-707.0705061593997,1.000426831513675,1.0161655454839387,-546.5399816078484,3245766.8512763595,0.0,-703.5753927827876,0
362,3263314.6653835727,261065.17323068582,3002249.492152887,-14.021999611952168,0.0,5.03706796093735,154.01776623737675,nan,-1.377478056660308,5.2193895177313046,0.0,-699.9198443692412,1.0,0.896293896465146,-544.5246000752045,3254394.030275617,0.0,-701.0999805976084,0
363,3271863.372317804,261749.06978542433,3010114.3025323795,-13.95707254568502,0.0,5.01983738033875,151.38668334105944,nan,-2.6310828963173694,5.202158937132704,0.0,-699.2311053409111,1.0,0.9304451429323954,-545.2133391035344,3262990.2523314306,0.0,-697.853627284251,0
364,3280380.6072100108,262430.4485768009,3017950.1586332098,-13.905689619928703,0.0,5.218557600931937,184.6676274626429,nan,33.280944121583595,5.400879157725892,0.0,-697.9155638927523,1.0,1.117763516385089,-546.5288805516933,3271541.6650883015,0.0,-695.2844809964351,0
365,3289541.6102159317,263163.32881727454,3026378.2813986572,-14.956739601502564,0.0,5.148892907542331,172.24069834612283,nan,-12.426929116520164,5.331214464336285,0.0,-714.5560359535446,1.0,0.9239077457728848,-529.8884084909013,3280029.9272948066,0.0,-747.8369800751282,0
366,3298076.2996328636,263846.1039706291,3034230.1956622344,-14.073724071630906,6.837326155392182,5.142062785418197,163.29772047089793,2.0503424015105756,-8.942977875224846,5.324384342212151,0.0004979800204360857,-708.342571395284,1.0,0.9423840007158104,-536.1018730491617,3289192.9281572625,0.0,-695.9156422787642,1
367,3306780.213033628,264542.4170426903,3042237.795990938,-14.219660487623235,0.0,5.116745062081109,165.86156044938062,-0.07254015739004692,-5.273486176909447,5.299066618875064,7.14570837221641e-05,-712.4400723327534,1.0002,0.9533266989796928,-537.3050257064635,3297730.4849615884,0.0,-709.4552531700086,0
368,3315424.1642801324,265233.9331424106,3050190.231137722,-14.146438061958529,1.6951396695831331,4.994988817009263,140.46340366688932,1.9751763010777172,-25.39815678249135,5.177310373803218,0.00020813998319215568,-706.3175273725963,1.0000714570837221,0.9447082338501006,-539.5259385248183,3306415.953823007,0.0,-700.1140127972893,1
369,3323740.772271638,265899.26178173104,3057841.5104899067,-13.397618544865155,3.0541126655769144,5.054914649280762,152.8330341380107,1.3757674970572447,9.674490801538182,5.237236206074716,0.008919259089771314,-698.4518206878448,1.0002,1.0326787883742374,-551.2932773513721,3315080.7867171434,0.0,-677.6748061527139,1
370,3332682.887075015,266614.6309660012,3066068.2561090137,-14.466782113657528,0.0,5.135514686474952,169.95176924527314,nan,13.064622441685598,5.317836243268906,0.0,-715.1271749651368,1.0040334046099366,1.0616187914762751,-553.593142192662,3323372.038545639,0.0,-723.3391056828764,0
371,3341506.105508772,267320.4884407018,3074185.6170680705,-14.4052545857309,0.0,5.0943601236668234,163.0994477508353,nan,-6.852321494437817,5.276681680460778,0.0,-707.1981068448595,1.0,0.9619263540405194,-537.2463375995862,3332321.15297802,0.0,-720.262729286545,0
372,3350043.3709101607,268003.46967281285,3082039.901237348,-13.938392492064056,0.0,5.24223744722267,189.09271441201864,nan,25.993266661183227,5.424559004016624,0.0,-703.7719460976406,1.0,1.03140188037115,-540.6724983468051,3341154.4871744495,0.0,-696.9196246032028,0
373,3359142.203524756,268731.3762819805,3090410.8272427754,-14.855236921788304,0.0,5.160655827517871,174.27871491083476,nan,-14.8139995011839,5.342977384311825,0.0,-716.7685794282321,1.0,0.9930374601568083,-527.6758650162136,3349674.208986302,0.0,-742.7618460894151,0
374,3367657.3676569955,269412.58941255964,3098244.778244436,-13.919155822121784,0.8255047047764001,5.226722839317183,184.7714445211842,0.3437392886861823,10.492729610349596,5.409044396111138,0.0008046213880532775,-709.3615796776401,1.0,1.020114577202642,-535.0828647668058,3358790.227501717,0.0,-694.5475801764561,2
375,3376598.131265377,270127.85050123016,3106470.280764147,-14.591146667541773,0.0,5.343113895306001,209.1630089944902,nan,21.566059768529637,5.525435452099956,0.0,-725.3213504299744,1.0004,1.118326170942226,-529.724401204014,3367295.601966331,0.0,-729.5573333770886,0
376,3385787.522993826,270863.0018395061,3114924.52115432,-15.029696303875399,0.0,5.287847182277415,196.10563936979273,0.5940161613310362,-13.057369624697586,5.470168739071369,5.6035115317974504e-05,-726.8037267194679,1.0,0.9617626454521654,-517.6407177249777,3376207.769498804,0.0,-748.3697864879974,0
377,3394511.846624473,271560.9477299579,3122950.8988945154,-14.170133099068801,0.0,5.246657312527786,185.32737486844118,1.5266981797274106,-10.778264501351492,5.428978869321741,0.0004423803705946244,-722.296586721203,1.000056035115318,0.9557205436995155,-524.3796992592384,3385415.607347279,0.0,-707.4279690043336,0
378,3403197.937022495,272255.8349617996,3130942.1020606956,-14.196407845193393,1.1715133554900223,5.154310920748533,168.921677406195,1.448037402326332,-16.405697462246167,5.336632477542488,0.0024778609980467205,-720.9468543980241,1.0004423803705946,0.9621635629920636,-531.0165259510999,3394147.166741733,0.0,-705.5656363181893,2
379,3411773.3076562914,272941.8646125033,3138831.443043788,-14.065758491834963,3.487417356910134,5.151131717684234,167.0299627797189,1.7221917485361942,-5.063227981966175,5.333453274478188,0.00020839354851899923,-717.5694711978366,1.0004,0.9984461884461863,-537.4762804361516,3402845.641594664,0.0,-697.6911428222083,1
380,3420502.3789277133,273640.19031421706,3146862.1886134963,-14.248535729249857,0.0,5.173292340086624,176.49496341725563,nan,4.977583280626607,5.355613896880579,0.0,-712.6312390879228,1.0002,1.0555444170814154,-537.1138589512941,3411419.144658499,0.0,-712.4267864624928,0
381,3429278.066463476,274342.2453170781,3154935.821146398,-14.334966892106827,0.0,5.161252875571806,173.44011620520845,-0.05902570028039022,-3.054847212047265,5.34357443236576,0.0001356511770084708,-710.4697039308511,1.0,1.0151630026807748,-533.974740513595,3420151.0184836644,0.0,-715.4472872114774,0
382,3437958.752632769,275036.7002106215,3162922.0524221472,-14.098758611884529,0.0,5.232047704851132,185.0322260674191,0.762424084427641,11.592109862210727,5.414369261645087,0.000529772418677485,-710.3262740995033,1.0001356511770085,1.0381322312758972,-535.9434753526543,3428914.3096370855,0.0,-706.3287443458157,0
383,3446882.5590731786,275750.6047258543,3171131.954347324,-14.560080081610886,0.009724956121190065,5.175105917050902,176.81534104415044,nan,-8.216885023268711,5.357427473844856,0.0,-718.5553600884523,1.0005297724186775,0.9636127202433735,-531.3796681509148,3437581.142377357,0.0,-728.0040040805443,1
384,3455517.8592652576,276441.4287412206,3179076.430524037,-14.095440089515003,0.0,5.162832083071784,174.65840293131686,nan,-3.16666306895476,5.345153639865738,0.0,-715.7850820197443,1.0002,1.0000869835564312,-533.9600160194726,3446513.7336009666,0.0,-704.7720044757501,0
385,3464171.0725828395,277133.68580662715,3187037.3867762126,-14.127695212378528,0.0,5.18938022977196,179.3573581270299,nan,4.698955195713134,5.371701786565915,0.0,-709.5514236878814,1.0,0.9698596048892417,-534.8930207565645,3455138.082280465,0.0,-706.3847606189264,0
386,3472949.4208247378,277835.95366597903,3195113.4671587585,-14.331997129629027,0.0,5.125132235487683,168.19638171191272,nan,-11.160976415117242,5.307453792281638,0.0,-711.900901285738,1.0,1.0412717948633345,-532.543543158708,3463789.5905559985,0.0,-716.5998564814513,0
387,3481496.3966122116,278519.7117289769,3202976.6848832346,-14.029922669951029,3.7081478295960917,5.0480205392120245,149.37723276850625,1.8463576286556842,-18.819148943406482,5.230342096005979,0.001495523525533101,-706.3204130781793,1.0,0.9286279023782875,-538.1240313662664,3472580.4249154977,0.0,-695.1594366630617,1
388,3489897.47258558,279191.7978068464,3210705.6747787334,-13.71303320182144,0.0,5.056513250863188,157.04199456121435,nan,2.9566139631120034,5.238834807657143,0.0,-703.9152393186596,1.0002,0.972510911563173,-545.8298587205572,3481144.681802505,0.0,-685.651660091072,0
389,3498517.7955455394,279881.42364364315,3218636.3719018963,-14.073996669318845,0.0,5.028002657438931,152.62785793111283,nan,-4.414136630101448,5.210324214232886,0.0,-700.7432195028293,1.0,0.9510681048691286,-543.7012249416157,3489522.623966143,0.0,-703.6998334659422,0
390,3507044.131028655,280563.5304822924,3226480.600546363,-13.95153589768578,0.0,5.104548776147849,162.83334574455947,0.660809916516724,10.205487813446634,5.286870332941804,4.316755711860422e-05,-698.5361511877794,1.0,0.957785370531814,-545.9082932566665,3498164.1600056915,0.0,-694.1220145576777,0
391,3515790.782434577,281263.26259476616,3234527.519839811,-14.279887341025875,0.0,5.301592861444767,200.65617303839946,nan,37.82282729383984,5.483914418238721,0.0,-705.7252392272661,1.0000431675571186,1.0516039378237483,-540.9555334932875,3506672.2148491303,0.0,-713.9943670512937,0
392,3525105.3533510095,282008.42826808075,3243096.925082929,-15.207462720705239,0.0,5.208188259208843,182.7626395328777,nan,-17.893533505521564,5.3905098160027975,0.0,-722.5503087414227,1.0,0.9521472986268801,-521.8941357030232,3515392.0093682325,0.0,-760.373136035262,0
393,3533663.552589082,282693.0842071266,3250970.4683819558,-14.005249184241064,0.0,5.166930775173499,172.42456327480338,1.0822050046294316,-10.338076258074468,5.349252331967453,9.148265309085364e-05,-713.6035419886615,1.0,1.0348932027044566,-530.8409024557841,3524737.756524718,0.0,-695.7100084831401,0
394,3543344.212760162,283467.537020813,3259876.675739349,49.45677247971463,0.0,5.340274538508768,182.11948025335784,3.275274406264325,9.694916978554547,5.522596095302722,0.027057601501309002,-711.7195696281207,1.000091482653091,0.9496665559337727,-536.3438266063622,3533301.358656506,0.0,-698.430313623091,0
395,3553551.5099347793,284284.12079478236,3269267.389139997,-14.955661115705613,0.45409418548000025,5.039379229528586,154.36944576115332,-5.358365184985406,-27.75003449220459,5.221700786322541,6.720495117429963e-07,-764.5292200967159,1.027057601501309,0.9773181700914533,-555.9592571804118,3542976.7870600414,0.0,-747.7736544123244,1
396,3561871.712502162,284949.73700017296,3276921.975501989,-12.98539895365612,0.0,5.093987572817515,158.86783262574264,1.4281231137760768,3.0442926791093727,5.276309129611469,0.0018024754946714744,-704.7912825882453,1.0002006720495118,0.9856047878259432,-544.963034044108,3553186.2636954524,0.0,-674.2827862527392,0
397,3570605.5835968996,285648.446687752,3284957.1369091477,-14.199593036159003,0.0,5.135118902927097,169.88451844033602,nan,11.01668581459346,5.317440459721052,0.0,-711.1062227333704,1.0018024754946715,1.0028911304238828,-548.0675265030982,3561481.3318801937,0.0,-709.9796518079502,0
398,3579413.424859711,286353.0739887769,3293060.3508709343,-14.38755691647633,0.0,5.100733170431734,163.30851672297106,-0.18189282746568114,-6.576001717365052,5.283054727225688,0.00011292024985644608,-707.1644814423913,1.0,1.0368633921771984,-537.2799630020546,3570216.8510688157,0.0,-718.1811672569846,0
399,3587960.6805077777,287036.8544406222,3300923.8260671557,-13.953358404970032,0.0,5.217045184991379,184.3885442972755,nan,21.080027574304395,5.399366741785334,0.0,-705.0776126502384,1.0001129202498564,1.0533499067529297,-540.9354052428955,3579032.477488703,0.0,-697.6679202485016,0
400,3596970.512901609,287757.6410321287,3309212.8718694802,-14.709930438903303,0.0,5.237452475023669,188.19007231143937,nan,3.8015280141639574,5.4197740318176235,0.0,-714.4164943708608,1.0,0.9785628332576798,-530.0279500735849,3587568.886167627,0.0,-735.4965219451651,0
401,3605791.9680349114,288463.3574427929,3317328.6105921185,-14.402375727842127,0.0,5.169007566922897,175.74034038326243,nan,-12.449731928176806,5.3513291237168525,0.0,-716.3172583779425,1.0,0.9328324433341578,-528.127186066503,3596582.8160438016,0.0,-720.1187863921064,0
402,3614340.7938829144,289147.26351063314,3325193.530372281,-13.95798637964374,0.0,5.27643460531521,195.4495921563343,-1.5078125591273603,19.70925177307178,5.4587561621091645,0.0001681429447558219,-710.0923924138542,1.0,0.9718016440680742,-534.3520520305917,3605416.024731895,0.0,-697.6426604856777,0
403,3623409.9756279816,289872.7980502385,3333537.1775777433,-14.804090859271405,0.0,5.378437917293623,216.6835333220785,nan,21.233941165744206,5.560759474087578,0.0,-720.7166849248744,1.0001681429447558,1.0364980564054518,-525.0456990341643,3613925.945420111,0.0,-740.2045429635702,0
404,3632619.500271085,290609.56002168683,3342009.9402493984,-15.035958600980123,0.0,5.43315746166301,228.8707563920564,nan,12.187223069977762,5.615479018456964,0.0,-730.5639888832621,1.0,1.1356223926606663,-513.8804555611835,3622979.830213713,0.0,-751.7979300490061,0
405,3642093.901859748,291367.5121487799,3350726.3897109684,-15.503797598013284,1.7339552091712669,5.380209348596884,190.72265707739606,3.2712806449546727,-38.14809931466021,5.562530905390838,0.0015726991720013822,-736.657600418251,1.0,1.0116581075959643,-507.7868440261947,3632194.1191905127,0.0,-748.8448234882286,1
406,3650629.549429113,292050.36395432905,3358579.185474784,-14.08227066944523,0.0,5.108334259370191,155.14500481534432,2.3272402347987566,-38.31160747122299,5.290655816164146,0.00027308221538605444,-723.600855162892,1.0002,0.9390859255713945,-526.1442428763247,3641703.330292658,0.0,-686.537009306611,0
407,3658992.094280457,292719.3675424366,3366272.726738021,-13.241559602580521,0.0,5.211225782196135,163.6422131936918,2.979420763568995,8.497208378347423,5.39354733899009,0.00040318745302686814,-710.9527917913144,1.000273082215386,0.9830435501632517,-545.558171044327,3650275.0548466463,0.0,-662.3915683884487,0
408,3667615.391448355,293409.2313158684,3374206.1601324864,-14.278686312348976,10.1040795540845,5.149881461982653,160.4785196550664,2.479268467249362,-3.1636935386253735,5.332203018776608,0.00036201921503071366,-725.113523285356,1.0004031874530268,1.0115679244880347,-541.7948940454098,3658617.566780459,0.0,-713.9343156174488,1
409,3676464.1410239083,294117.1312819127,3382347.0097419955,-14.443928878855498,0.0,5.246454459496489,189.89180441155455,nan,18.309205202403536,5.428776016290443,0.0,-712.6638486241843,1.0002,1.0215070420663768,-537.0812494150329,3667254.4678078936,0.0,-722.1964439427749,0
410,3685473.7383118807,294837.89906495047,3390635.83924693,-14.709546592608074,0.0,5.311661381038032,202.68668863758128,nan,12.794884226026932,5.493982937831988,0.0,-717.1681244280003,1.0,1.007827009237738,-527.2763200164455,3676112.5332975374,0.0,-735.4773296304037,0
411,3694505.767972483,295560.4614377986,3398945.3065346843,-14.453317370486483,0.0,5.340624021758402,207.98762791169122,-0.4227545349952045,5.300939274109821,5.522945578552357,0.004580023717006265,-723.5655665410137,1.0,1.0224154747562315,-520.8788779034319,3685110.5013184706,0.0,-736.3604507670406,0
412,3703694.6328308205,296295.57062646566,3407399.062204355,-14.859704778003445,0.0,5.2967545834862655,199.06957016863788,-0.4810769998627187,-8.918057743053385,5.4790761402802195,1.1543079878773424e-05,-737.1389793239971,1.0045800237170062,0.9806620572067422,-528.4961119605771,3694118.4897615006,0.0,-741.7846791463783,0
413,3712457.221984329,296996.57775874634,3415460.644225583,-14.235327186534107,0.0,5.185065281681776,176.23881122473958,0.8528381364174408,-22.830758943898264,5.367386838475731,0.000495164317330596,-722.4189529239325,1.0000115430798788,1.0749864034123875,-522.7312654343729,3703331.1812978755,0.0,-712.8827778599575,0
414,3721221.793684023,297697.7434947218,3423524.0501893014,-13.275604025078804,2.1539996588179764,5.525756854420649,224.0312199288577,3.2975048963481464,47.7924087041181,5.708078411214603,0.002925608310107122,-714.2674209132952,1.0004951643173305,1.0526264769944622,-535.6823131678253,3712082.5898517547,0.0,-689.0903654486668,1
415,3730926.93224444,298474.1545795552,3432452.777664885,-15.790891055075301,0.0,5.517449771695359,248.99922193364793,nan,21.814002345972177,5.699771328489313,0.0,-766.0581366937666,1.0008586186962036,1.0921252639142192,-512.041210056339,3720812.5807421547,0.0,-789.5445527537651,0
416,3740341.496229746,299227.31969837967,3441114.176531366,-15.370716710700378,0.0,5.2863557123659195,197.62192040126544,nan,-51.37730153238243,5.4686772691598735,0.0,-746.7218331890467,1.0,0.8965040505275607,-497.7226112553989,3730529.05898923,0.0,-768.5358355350189,0
417,3748661.508111521,299892.9206489217,3448768.5874625994,-12.337617570055645,10.290666446460943,5.1788823997972,158.91098990372964,2.921727955090748,-38.710930497535834,5.361203956591154,0.00255683544289878,-721.0331824228556,1.0,0.8693676317212009,-523.4112620215901,3739986.910357948,0.0,-669.6558808904733,2
418,3757322.341740182,300585.7873392146,3456736.5544009674,-14.07543600117387,0.0,5.2228637409197995,184.0977453800673,0.3124732137088815,12.896089029876716,5.4051852977137544,0.00010283570145241198,-730.3746728580985,1.0026201744006338,1.0162459162955173,-544.1094326872611,3748310.3252864187,0.0,-701.7409772675469,0
419,3766270.2335042916,301301.6186803433,3464968.614823948,-14.574146940517219,0.0,5.220641722708839,182.2929033594966,1.0152289636347378,-1.8048420205706563,5.402963279502793,0.00031438467175555875,-715.9965698229053,1.0001028357014523,0.9936234631194185,-530.5320231136925,3756954.4979344937,0.0,-727.5258575236368,0
420,3775026.6393828494,302002.131150628,3473024.5082322215,-14.321733836235591,0.0,5.198712238099146,178.97587026438327,0.7242030965981163,-3.317033095113248,5.381033794893101,5.9005348923931776e-05,-717.1340220214948,1.0003143846717555,0.9828825176438022,-532.0811233984143,3765928.4049258516,0.0,-712.5691847373404,0
421,3783767.8782966686,302701.4302637335,3481066.448032935,-14.212860020793064,0.0,5.2194000966989895,180.00068851087917,1.5733103408233502,1.0248182464958437,5.401721653492944,0.0003157547328349722,-713.9917201834055,1.000059005348924,1.0369609246355842,-532.9527635548584,3774673.374981306,0.0,-708.6116007241285,0
422,3792546.447892989,303403.7158314391,3489142.73206155,-14.339035831001185,0.0,4.965192807142696,141.1278392708281,0.7922431753456619,-38.87284924005114,5.147514363936651,0.00015588484693836028,-718.0541076326689,1.000315754732835,0.900532486574343,-533.2308329187082,3783397.6781244064,0.0,-714.2563396760829,0
423,3800622.989734961,304049.8391787969,3496573.1505561643,-13.198249553088724,2.1085825406836465,5.133324212381459,162.6256583141902,1.939352036593758,21.497819043362064,5.315645769175414,0.0019397932731126703,-695.4960396797161,1.0001558848469383,1.094354236200194,-552.1598558303806,3792173.6109618014,0.0,-654.4148458611575,1
424,3809595.6492963,304767.651943704,3504827.997352596,-14.636445811129208,0.0,4.979180229716133,145.3551749462004,nan,-20.379065908673375,5.161501786510088,0.0,-712.2940889672394,1.0007150702605137,0.914892354244311,-541.6352215738124,3800210.056827828,0.0,-731.8222905564604,0
425,3817858.5284076864,305428.6822726149,3512429.8461350715,-13.490414875732995,0.0,5.071058741115608,159.34294099155534,nan,13.987766045354986,5.253380297909564,0.0,-694.8998096953231,1.0,1.0202171027734672,-549.5446347491226,3809218.0318960715,0.0,-674.5207437866497,0
426,3826629.171909311,306130.3337527449,3520498.838156566,-14.321204486154587,0.0,5.210316271965671,183.06074901692185,-2.394416949357459,23.71780802536649,5.392637828759626,8.08139565691102e-06,-701.8936927180006,1.0,1.0000175804596014,-542.5507517264455,3817477.4391378905,0.0,-715.8814587633555,0
427,3835663.6135832216,306853.08908665774,3528810.5244965637,-14.749962072427317,0.0,5.290828358234748,198.50779288730533,nan,15.44704387038346,5.473149915028703,0.0,-713.8715214487112,1.000008081395657,1.0821996813584007,-530.7195465790776,3826224.4214356765,0.0,-737.4981036213659,0
428,3844705.673820529,307576.4539056423,3537129.2199148866,-14.781064071450404,0.0,5.187626984253603,177.8204556224925,0.20107831037347534,-20.687337264812747,5.369948541047559,5.158987653962666e-05,-721.4761186658759,1.0,0.9825435253217895,-522.9683257785704,3835270.314911407,0.0,-736.9231625362587,0
429,3853166.890401633,308253.35123213066,3544913.5391695024,-13.812696906109377,0.0,5.293059792282634,198.95124451765145,nan,21.13078889515887,5.475381349076588,0.0,-712.5449030900566,1.0000515898765396,1.0498403241277838,-533.5017269477889,3844340.8176884567,0.0,-690.6348453054688,0
430,3862269.970550836,308981.5976440669,3553288.372906769,-14.865577939264709,0.0,5.254281799537207,191.10062791842205,-1.2610494607275382,-7.850616599229445,5.436603356331161,8.219286390446846e-05,-721.6978444810483,1.0,1.0087784567436715,-522.7465999633973,3852791.694503178,0.0,-742.8286333762073,0
431,3870997.4488289887,309679.7959063191,3561317.6529226694,-14.298724306257267,2.504412457878506,5.331268623985167,201.9578212205565,1.5565035443957729,10.8571933021344,5.513590180779121,0.002159526348664072,-718.3279771181524,1.0000821928639045,0.9929266809680297,-526.9439927008426,3861918.0838693627,0.0,-710.1940040200354,1
432,3880056.9966204,310404.559729632,3569652.436890768,-14.788089231279272,0.0,5.276559498305722,195.69542535142122,nan,-9.766808327013711,5.458881055099676,0.0,-729.6036658588258,1.0002,0.9462726129485886,-520.141432180391,3870617.111893891,0.0,-739.4044615639637,0
433,3888758.2099208944,311100.65679367154,3577657.5531272227,-14.2060625314184,0.0,4.970641986558834,144.119380383181,nan,-51.5760449682401,5.152963543352789,0.0,-720.0699348979334,1.0,0.9283518956643054,-524.3745095465123,3879681.698814245,0.0,-710.30312657092,0
434,3896669.0962981344,311733.52770385076,3584935.5685942834,-13.230089608359748,15.403480630375856,5.0080900699216615,130.8200888519071,2.9337830890510683,-13.299291531274022,5.190411626715616,0.0005962828327552129,-694.2819124138134,1.0,0.9622557693790244,-550.1625320306322,3888438.809880171,0.0,-642.7058674455737,1
435,3905305.8883637683,312424.4710691015,3592881.417294667,-14.097875801438144,0.0,4.970505491678483,144.09971016807168,nan,-3.123859314211238,5.152827048472437,0.0,-700.4843337607499,1.0002,1.0036402353755944,-549.2607642784668,3896342.9156961897,0.0,-704.8937900719072,0
436,3913772.454034174,313101.7963227339,3600670.6577114398,-13.822964359840949,0.0,4.901303204581048,134.46490082556053,nan,-9.63480934251118,5.0836247613750025,0.0,-694.2720773062588,1.0,0.959945438548234,-550.1723671381873,3904977.357447068,0.0,-691.1482179920474,0
437,3922119.1792005994,313769.53433604795,3608349.6448645517,-13.658540807536653,1.5304862554251664,4.929497026838413,135.2027515756282,1.1337146240685778,0.7378507500676716,5.111818583632368,0.0006070938217120596,-689.4546726350032,1.0,1.0363628370960607,-554.9897718094428,3913448.0087201335,0.0,-679.819863292492,2
438,3930679.0713206558,314454.3257056525,3616224.745615003,-13.969315666195822,0.0,4.930268481752477,138.4166697017542,nan,-0.3165681292990894,5.112590038546433,0.0,-700.889494732521,1.0004,0.9630319881926367,-554.1562569014671,3921777.5765062994,0.0,-698.465783309791,0
439,3939145.2176852156,315131.6174148173,3624013.6002703984,-13.822279778876023,0.0,4.923429464292548,137.47326533746366,nan,-0.9434043642906573,5.105751021086502,0.0,-691.4305570730999,1.0,0.9399861066933033,-553.0138873713458,3930323.8507908867,0.0,-691.1139889438011,0
440,3947602.6532608666,315808.21226086933,3631794.4409999973,-13.81199717945769,0.0,5.109371036850261,165.17479438282186,-0.9380438624884387,27.701529045358196,5.291692593644216,0.00010136978088920153,-690.9588548909547,1.0,1.0711853587000173,-553.485589553491,3938801.2858581194,0.0,-690.0154505266644,0
441,3956581.0982825886,316526.4878626071,3640054.6104199816,-14.656952665996622,0.0,5.067599180753523,158.79263692285656,nan,-6.382157459965235,5.249920737547478,0.0,-705.5374969594445,1.0001013697808891,1.0045334762368683,-539.9713098716512,3947233.5205298197,0.0,-732.847633299831,0
442,3965097.7439770796,317207.81951816636,3647889.9244589135,-13.904727664473722,0.0,4.915335371585534,136.36503509266487,nan,-22.42760183019173,5.097656928379489,0.0,-701.618540683651,1.0,0.9189832376226693,-542.8259037607946,3956212.250890852,0.0,-695.2363832236861,0
443,3973308.5373069565,317864.68298455654,3655443.8543224,-13.485639641145639,3.3654707443614083,4.949506295893296,135.367843627005,1.7470129151897393,-0.9971914656598557,5.131827852687251,0.0010831078844640363,-690.4047397685554,1.0,1.0648302363960158,-554.0397046758904,3964744.158973798,0.0,-667.9771379383637,1
444,3981842.3762857905,318547.39010286325,3663294.986182927,-13.927886680771277,0.0,4.947456937643196,140.81640329925474,nan,1.083088927888303,5.129778494437151,0.0,-698.3195927740161,1.0003069237312485,0.9952713819388985,-553.3670518713689,3972960.679595972,0.0,-696.3943340385638,0
445,3990340.366817588,319227.22934540705,3671113.137472181,-13.874270255994766,0.0,4.945398968110226,140.52690542260183,nan,-0.28949787665291704,5.127720524904181,0.0,-692.6304238718502,1.0,0.9396744245600559,-551.8140205725956,3981509.287713429,0.0,-693.7135127997383,0
446,3998819.769986533,319905.58159892267,3678914.1883876105,-13.843923541137414,0.0,5.080271732410246,160.8177493865253,nan,20.29084396392355,5.262593289204201,0.0,-692.4856749335235,1.0,1.1132629817800233,-551.9587695109223,3990002.227793577,0.0,-692.1961770568707,0
447,4007675.5637623062,320614.0451009845,3687061.5186613216,-14.458438817588176,0.0,5.180838096041885,177.83178867405104,nan,17.01403928752561,5.363159652835839,0.0,-702.6310969154852,1.0,1.0686051171875315,-541.8133475289603,3998470.637790129,0.0,-722.9219408794088,0
448,4016595.4276714297,321327.6342137144,3695267.7934577153,-14.563043116935473,0.0,5.165455310224292,175.11717306235371,nan,-2.7146156116972078,5.347776867018247,0.0,-711.1381165592483,1.0,0.92072616654071,-533.3063278851973,4007319.1956816823,0.0,-728.1521558467737,0
449,4025256.9885374154,322020.55908299325,3703236.429454422,-14.141323862834051,0.0,5.086983361432507,161.9007286728895,nan,-13.216444389464325,5.26930491822646,0.0,-709.7808087533998,1.0,1.0369762569807666,-534.6636356910459,4016249.9488601848,0.0,-707.0661931417026,0
450,4033709.8821647917,322696.79057318333,3711013.0915916082,-13.847748909845402,2.30820639218904,5.13015931460923,166.61274376297303,0.8884274605108075,4.712015090083583,5.312480871403185,0.0041236792592147554,-703.1725865586675,1.0,0.9785194454049919,-541.2718578857786,4024919.3156268187,0.0,-689.9561421692035,1
451,4042470.1220697192,323397.60976557754,3719072.5123041417,-14.29942329415998,0.0,5.176485322058807,177.05940930685276,nan,7.138459151690605,5.35880687885276,0.0,-711.8330240971897,1.0002,0.9983966497514126,-537.9120739420279,4033353.7201798763,0.0,-714.971164707999,0
452,4051264.279298553,324101.1423438842,3727163.1369546684,-14.357807720546788,0.0,5.208634397622184,182.84419515809287,nan,5.784785851240236,5.390955954416139,0.0,-710.7519268756496,1.0,1.0061579456965588,-533.6925175687966,4042124.242729425,0.0,-717.8903860273393,0
453,4060077.285842798,324806.18286742386,3735271.102975374,-14.388582113050186,0.0,5.256955875587009,191.8964446197628,nan,9.05224946166973,5.439277432380962,0.0,-713.6443198012693,1.0,1.0240249557160448,-530.8001246431763,4050924.3818718423,0.0,-719.4291056525093,0
454,4068985.763844219,325518.8611075375,3743466.9027366815,-14.54445387987547,0.0,5.348518172269523,210.29644376471964,nan,18.399999144956936,5.530839729063477,0.0,-718.1704445321043,1.0,1.032564239021678,-526.2739999123415,4059741.27871021,0.0,-727.2226939937734,0
455,4078121.4517740286,326249.7161419223,3751871.735632106,-14.915408864990795,0.0,5.264290553000658,193.30911755482694,nan,-16.98732620989267,5.446612109794612,0.0,-727.3704441045827,1.0,0.8834283776441808,-517.0740003398629,4068642.9642370534,0.0,-745.7704432495398,0
456,4086735.9152577803,326938.8732206224,3759797.042037158,-14.021950396378099,0.00815155841327131,5.169958268183314,174.60977052656713,0.26061339792378013,-18.699347028259794,5.352279824977269,0.0005545586112829152,-718.8767809996365,1.0,0.9070401284898608,-525.5676634448095,4077778.472807127,0.0,-701.8894547897434,1
457,4095368.5532766734,327629.4842621339,3767739.0690145395,-13.078561499198644,0.0,5.130942754185039,160.17428724416078,2.1974742716814766,-15.443634840819627,5.313264310978993,0.00129133700011064,-717.6202180587624,1.000732615603812,1.020044289148697,-536.7457939866135,4086374.6131823095,0.0,-694.0482564967836,0
458,4103921.9531241017,328313.75624992815,3775608.1968741734,-13.372738216245628,0.0,5.0877801500476725,157.28535648174673,1.5569700875695887,-2.888930762414101,5.2701017068416265,0.0018356171355682577,-715.3116312030389,1.0012913370001106,1.0430976635237257,-546.1350964291851,4095010.055305054,0.0,-690.8657488325262,0
459,4112696.480383242,329015.7184306594,3783680.7619525827,-14.352609821529729,3.321798467231787,5.182202817386622,163.8273879410587,2.6565644144215823,6.542031459311995,5.364524374180577,0.0009292132055952599,-711.0165888454053,1.0018356171355682,1.0537351330003937,-548.9868081083429,4103563.178709204,0.0,-703.3832338276751,1
460,4121554.752483104,329724.3801986483,3791830.3722844557,-14.078839345085841,0.0,5.064701755895992,155.61754949463062,0.9990363394498559,-12.531636913659815,5.247023312689946,0.001573600851969431,-710.9471422237535,1.0002,0.867103366123661,-538.7979558154632,4112345.8426736854,0.0,-719.8774927643012,0
461,4130059.424446981,330404.75395575847,3799654.6704912223,-13.841628940225942,0.0,5.066051309744111,158.5470365315547,nan,2.9294870369240957,5.248372866538066,0.0,-707.3287475142034,1.0015736008519693,0.9659258655554565,-548.9955344303268,4121229.476187139,0.0,-692.0814470112971,0
462,4138688.6334841596,331095.0906787328,3807593.5428054268,-14.088504550498497,0.0,5.150284665805018,172.48058265297897,nan,13.933546121424241,5.332606222598972,0.0,-701.4957404880001,1.0,0.9750204527231348,-542.9487039564456,4129705.437105109,0.0,-704.4252275249248,0
463,4147537.985215119,331803.03881720954,3815734.9463979094,-14.447921193402731,0.0,5.181928539733581,178.02580999162913,nan,5.545227338650277,5.364250096527536,0.0,-708.4625135487124,1.0,1.002922868993545,-535.9819308957333,4138327.0574124865,0.0,-722.3960596701365,0
464,4156318.544558438,332505.483564675,3823813.060993763,-14.335607091133756,0.0,5.1048954355358225,164.82683460088188,nan,-13.198975390747382,5.287216992329777,0.0,-711.2351272180373,1.0,1.0147914157355258,-533.2093172264084,4147170.0143280975,0.0,-716.7803545566878,0
465,4165240.382737805,333219.2306190244,3832021.1521187807,-4.384504362592343,0.0,5.354421664328271,184.84670433585188,3.284472332894975,20.01986973497013,5.536743221122226,0.003937840875040121,-704.6356395226641,1.0,1.0768938418013885,-539.8088049217818,4155952.5967980386,0.0,-691.4366641319167,0
466,4174356.3740588827,333948.5099247106,3840407.864134172,-14.88968083874083,8.56195280083401,5.223479136399994,179.82650956444405,1.7495834880894485,-5.020194771407989,5.405800693193948,0.00027576695198221977,-751.1590667821987,1.0039378408750401,0.994434664674251,-539.6174678662194,4164845.698610202,0.0,-744.4840419370415,1
467,4183282.736022548,334662.6188818038,3848620.117140744,-14.555121120729806,0.0,5.186360307054656,175.58022881211315,1.174431009544232,-13.808233553164913,5.36868186384861,0.000247002500593909,-721.5667802022475,1.0002,1.02056729915977,-528.1783178369695,4173961.8041087687,0.0,-725.2803262383181,0
468,4191916.989765733,335353.35918125865,3856563.630584474,-14.148020187219114,2.66305804490273,5.326511926015099,195.4613502189507,2.3280391114141747,19.88112140683755,5.508833482809053,0.0041487697952959,-714.0833030078347,1.0002470025005938,1.0300751096683554,-535.2667732002378,4182896.189807739,0.0,-697.0387684591859,2
469,4201088.477603856,336087.07820830843,3865001.399395547,-14.965393447909468,0.0,5.362396943080987,213.23544761479357,nan,13.111039350940185,5.544718499874942,0.0,-733.3440269685788,1.0005821234680654,1.0601696075953668,-524.0512319003847,4191510.729709104,0.0,-748.2696723954734,0
470,4210177.377174766,336814.19017398125,3873363.1870007846,-14.839019707611198,0.0,5.455583170177755,234.06132886330386,nan,20.825881248510342,5.637904726971711,0.0,-728.8399460296198,1.0,1.1012278318597217,-515.604498414826,4200685.816549582,0.0,-741.9509853805599,0
471,4219567.388481438,337565.3910785151,3882001.997402923,-15.180399780561483,0.0,5.449620105700004,226.36722278868615,1.840952157474635,-7.694106074617753,5.631941662493959,0.0004335985008280932,-739.2528866538745,1.0,0.9588389243112051,-505.1915577905709,4209771.804153284,0.0,-760.0787679023852,0
472,4228509.373519388,338280.7498815511,3890228.623637837,-14.584603750196445,0.0,5.342574073584797,209.05012872931326,nan,-17.317094059372813,5.524895630378752,0.0,-743.2268299965755,1.0004335985008281,0.9083244596918035,-510.5570707957535,4219178.334331029,0.0,-729.2301875098223,0
473,4237199.893377847,338975.9914702278,3898223.901907619,-14.18860385055013,0.0,5.175608223417655,176.90417882572015,nan,-32.14594990359318,5.357929780211609,0.0,-726.7472865868792,1.0,0.9653139614836035,-517.6971578575661,4228137.369242418,0.0,-709.4301925275065,0
474,4245520.097312196,339641.60778497567,3905878.4895272204,-13.595639146537255,0.5700034325410623,5.10762845150673,164.02432951491042,0.2260158984708046,-12.879849310809698,5.289950008300685,3.90010381330034e-05,-710.6743116350829,1.0,0.9814543387943729,-533.770132809363,4236830.296337101,0.0,-678.52836173149,1
475,4254171.660986568,340333.73287892545,3913837.9281076426,-14.133183148652765,0.5483313146497082,5.068479180191932,152.06167228038663,1.9272752465289062,-13.532660667064889,5.2508007369858865,0.00036266230003845754,-709.6697154933337,1.0002,0.8913145428068667,-540.0753825458826,4245156.75822816,0.0,-699.7883938563828,1
476,4262631.912190011,341010.5529752009,3921621.3592148097,-13.80964582234807,0.0,4.914563194771245,136.25977781813012,nan,-17.35022577690618,5.0968847515652,0.0,-703.6775508171264,1.0002,0.9464134490467863,-546.0675472220904,4253821.385840164,0.0,-690.4822911174035,0
477,4270876.185285604,341670.0948228483,3929206.0904627554,-13.46003770708763,0.0,5.072750178362695,159.612687642464,nan,23.35290982433386,5.25507173515665,0.0,-690.3521111312878,1.0,1.072022086602815,-554.0923333131577,4262304.768588974,0.0,-673.0018853543814,0
478,4279762.108364982,342380.96866919857,3937381.139695783,-14.507629517355781,0.0,5.123023965445773,167.8421518564947,nan,8.229464214030653,5.305345522239727,0.0,-702.0285660434549,1.0,0.9669362122543398,-542.4158784009908,4270524.222583786,0.0,-725.381475867789,0
479,4288513.174703952,343081.0539763162,3945432.120727636,-14.287455247290016,0.0,5.188684314518516,179.2325840268274,nan,11.390432170332666,5.37100587131247,0.0,-706.1432981504702,1.0,1.025629977066469,-538.3011462939758,4279411.513420552,0.0,-714.3727623645008,0
480,4297372.7292974265,343789.81834379415,3953582.9109536326,-14.464578928119384,0.0,5.131753120573199,169.31368531488917,nan,-9.918898711938237,5.314074677367154,0.0,-711.8385142356368,1.0,1.028606141352975,-532.6059302088092,4288180.762327563,0.0,-723.2289464059692,0
481,4305910.491332982,344472.8393066386,3961437.652026343,-13.939203323354585,0.0,5.2092756669327125,182.96148513226706,nan,13.647799817378017,5.391597223726667,0.0,-706.8790648796672,1.0,1.0441890024062361,-537.5653795647781,4297051.438527277,0.0,-696.9601661677292,0
482,4314820.538199397,345185.64305595175,3969634.895143445,-14.547015292114684,0.0,5.087783702515282,162.0303563436335,nan,-20.931128788633565,5.270105259309238,0.0,-713.7029647883563,1.0,0.9757986153303503,-530.7414796560895,4305552.97631523,0.0,-727.3507646057342,0
483,4323186.163936035,345854.8931148828,3977331.270821152,-13.668904223744033,0.0,5.1502175994971875,171.85632385575667,-0.48989365196529394,9.82596751212304,5.3325391562911415,2.8217629843985426e-05,-703.2374003940396,1.0,1.0188790143300626,-541.2070440504061,4314481.046827764,0.0,-682.3062716054059,0
484,4331982.765382514,346558.62123060116,3985424.144151913,-14.361443808717294,0.0,5.248962824990873,190.3687203510912,nan,18.5123964953346,5.431284381784827,0.0,-708.8589144730033,1.000028217629844,0.9950013143577273,-536.3898990679846,4322830.713547878,0.0,-718.0721904358646,0
485,4340997.772873957,347279.82182991656,3993717.9510440403,-14.718379577862054,0.0,5.2217291185845385,185.254233827526,nan,-5.114486523565099,5.404050675378494,0.0,-717.4065823977684,1.0,0.8945996630896778,-527.0378620466773,4331623.603042443,0.0,-735.9189788931027,0
486,4349716.25023377,347977.30001870164,4001738.9502150686,-14.245940187878725,0.5728804205718969,5.099835867672004,161.4328314301055,0.9408493965731219,-23.8214023974207,5.282157424465958,9.80404101993992e-05,-714.8493391359855,1.0,0.8912482265874971,-529.5951053084601,4340652.149138099,0.0,-709.7348526124208,1
487,4358148.865646085,348651.9092516868,4009496.956394398,-13.791866663191142,0.0,5.220714675630996,183.16636971678057,0.6418694378711882,20.160657866103296,5.403036232424951,5.898277292290895e-05,-708.375404944947,1.0002,1.0869654451194006,-541.3696930942701,4349359.991508449,0.0,-686.3536191196595,0
488,4367142.689455204,349371.4151564163,4017771.2742987876,-14.68331017809054,0.0,5.311527508589952,202.65955629055742,nan,19.493186573776917,5.493849065383907,0.0,-715.9048805868813,1.000058982772923,1.0117037107518594,-530.838481321643,4357749.141825731,0.0,-734.165508904527,0
489,4376244.992995233,350099.59943961864,4026145.3935556146,-14.860903738825568,0.0,5.342057010190199,208.94206450054762,nan,6.282508209990141,5.524378566984154,0.0,-723.5520003675018,1.0,0.9761434921113222,-520.892444076944,4366723.698580728,0.0,-743.0451869412784,0
490,4385223.946088095,350817.91568704764,4034406.0304010473,-14.65951525364973,0.0,5.426839957115207,227.42942195984438,nan,18.487357459296764,5.609161513909162,0.0,-726.693254472497,1.0,1.0366320590033815,-517.751189971949,4375835.807138937,0.0,-732.9757626824864,0
491,4394470.77111106,351557.66168888484,4042913.109422175,-15.223921348438532,6.226144236165277,5.302072960549365,193.98075425576116,1.912763498648477,-33.448667704083334,5.484394517343319,0.0005971485608655874,-735.936933202145,1.0,0.9700825479668099,-508.5075112423005,4384834.380361416,0.0,-754.424290661442,1
492,4403372.902012707,352269.83216101653,4051103.06985169,-13.922366295844604,0.6327964063578346,5.3980106317803305,192.90972362580345,3.334226447447075,-8.297174866122916,5.580332188574285,0.0014382658442042904,-727.4759982655718,1.0002,0.962896703053639,-522.269099773645,4394127.360041737,0.0,-698.521512336141,1
493,4412234.393109127,352978.7514487302,4059255.641660397,-14.439855169423108,0.0,5.2284808210918845,183.5319254277828,1.0910241870262336,-11.010594604378465,5.410802377885839,0.00011980359598877436,-755.9665882395705,1.0014840410899442,0.9975489152196614,-530.0535861181065,4403007.74271171,0.0,-717.8215840970462,0
494,4420856.596049036,353668.52768392285,4067188.068365113,-14.08256467669809,0.0,5.186830763121263,178.46389255848186,-0.8283202351515405,-5.068032869300949,5.369152319915218,5.451297767606045e-05,-717.3616370967966,1.0001198035959888,1.0337121114679049,-530.8523898230548,4411874.60588111,0.0,-703.3737206464594,0
495,4429522.097975703,354361.76783805626,4075160.3301376468,-14.161727348971734,0.0,5.335404379605307,206.77921553705755,-0.2517385378580532,28.31532297857576,5.517725936399262,1.0415245148899706e-05,-712.0767732673294,1.0000545129776761,1.149931464438493,-533.1760983467374,4420505.415609395,0.0,-706.5719580359182,0
496,4438758.385769598,355100.6708615679,4083657.7149080303,-15.079374105899563,0.0,5.395296584560761,220.36749500213736,nan,13.588279465079683,5.577618141354716,0.0,-726.4308303011148,1.000010415245149,1.033878456037379,-518.874166779345,4429159.8738662135,0.0,-753.9687052949781,0
497,4447896.815322158,355831.74522577267,4092065.070096385,-14.91988498376742,0.0,5.22988849101667,186.7719756058255,nan,-33.595519396311815,5.412210047810624,0.0,-732.4059697232914,1.0,0.8673641183492686,-512.0384747211542,4438406.726077599,0.0,-745.994249188371,0
498,4456287.742874149,356503.01942993194,4099784.7234442174,-13.733701133263704,1.6771513705194359,5.367249068447263,209.6002408834449,1.5416655888528388,22.828265277619327,5.549570625241217,0.00020034107836846288,-715.6082100251353,1.0,1.041641199437123,-528.83623441931,4447580.766359231,0.0,-682.0126906288239,1
499,4465577.304157862,357246.184332629,4108331.1198252332,-15.163621463599318,0.0,5.158736641639201,173.94456241516517,nan,-38.33282983879901,5.3410581984331555,0.0,-733.0112451465902,1.0002,0.9572237909218825,-516.7338528926264,4455944.109169572,0.0,-758.1810731799659,0
500,4473878.073411113,357910.245872889,4115967.8275382235,-13.557970556392481,0.2790170029898098,5.052465478380458,149.37075485858304,1.9511612277802,-24.573807556582246,5.234787035174413,0.002375740429032188,-709.1945034298053,1.0,0.9102919831170595,-535.2499410146404,4465250.640098319,0.0,-670.8616735910064,2
501,4482173.648067964,358573.8918454372,4123599.756222527,-13.537776950760982,0.0,5.093543920201757,162.9663797291083,nan,11.316607867535453,5.275865476995712,0.0,-707.3477617477805,1.0004,1.0297029516944431,-547.6979898862079,4473544.11696132,0.0,-676.888847538049,0
502,4490932.667812404,359274.61342499236,4131658.054387412,-14.300440399086252,0.0,5.1383891534945425,170.44099279251233,nan,7.474613063404041,5.3207107102884965,0.0,-703.705412086777,1.0,1.012424408406888,-540.7390323576687,4481821.112462068,0.0,-715.0220199543126,0
503,4499690.405125505,359975.23241004045,4139715.1727154646,-14.298346633637664,0.0,5.261557491530369,192.78151316980768,nan,22.34052037729534,5.443879048324324,0.0,-707.4427186184789,1.0,1.012138230683934,-537.0017258259664,4490585.187456911,0.0,-714.9173316818832,0
504,4508767.085490515,360701.36683924124,4148065.718651274,-14.819069983688443,0.0,5.233742995713432,187.4932783022924,nan,-5.288234867515287,5.416064552507387,0.0,-718.612978807127,1.0,1.025917301599806,-525.831465637319,4499353.06454483,0.0,-740.9534991844222,0
505,4517472.923165213,361397.8338532171,4156075.0893119965,-14.213612530117077,0.0,5.104364994142984,164.7394268095638,nan,-22.75385149272859,5.286686550936939,0.0,-715.9688613733689,1.0,0.9966327723502131,-528.4755830710766,4508444.702059327,0.0,-710.6806265058539,0
506,4525963.210771354,362077.0568617083,4163886.1539096455,-10.609001686591087,1.28042849680832,5.172799690224403,167.13368007208052,2.227253014724732,2.394253262516785,5.355121247018357,0.00954684371797576,-704.5919356270047,1.0,0.984580257327575,-539.8525088174409,4517146.904299137,0.0,-681.8380841342762,1
507,4535183.5280411625,362814.68224329303,4172368.8457978694,-14.590881442254563,0.0,5.104932830726975,164.8329984471173,nan,-4.581110121771619,5.28725438752093,0.0,-734.5588947798594,1.0093716088586422,0.9968867795025205,-554.8612024134861,4525633.56601886,0.0,-729.5440721127281,0
508,4543759.233779885,363500.7387023908,4180258.495077494,-14.0011522264802,0.0,5.179297915841081,177.5581064881051,nan,12.725108040987903,5.361619472635035,0.0,-704.6387214457814,1.0,1.0163509778177233,-539.8057229986642,4534856.1556854425,0.0,-700.0576113240099,0
509,4552624.881977852,364209.9905582282,4188414.891419624,-14.474527670145267,0.0,5.156322232264669,173.52509561907252,nan,-4.033010869032664,5.338643789058624,0.0,-711.0012754662757,1.0,1.0396996449137403,-533.44316897817,4543404.317208375,0.0,-723.7263835072633,0
510,4561269.347328162,364901.547786253,4196367.799541909,-14.138765328484983,1.1567210651836037,5.279603987608893,194.39117058791652,0.6423565260924472,20.866074968844035,5.461925544402849,0.0005089425738650024,-708.9847700317591,1.0,1.0694702424789206,-535.4596744126864,4552252.881361748,0.0,-704.9517591627266,1
511,4570393.332446588,365631.4665957271,4204761.865850861,-14.890681839559955,0.0,5.3559459339701005,211.86429122575765,nan,15.316399572657556,5.538267490764055,0.0,-726.1387821451654,1.0003628077775708,1.0851648530078515,-525.1308372872168,4560877.063494483,0.0,-744.5340919779977,0
512,4579500.849347334,366360.06794778677,4213140.781399548,-14.869415348155185,0.0,5.307215772228513,201.78762283714204,nan,-10.076668388615685,5.489537329022468,0.0,-728.1543678351015,1.0,0.9495196180299924,-516.2900766093439,4570000.057523838,0.0,-743.4707674077592,0
513,4588235.581571674,367058.84652573394,4221176.73504594,-14.260787305043563,0.0,5.217760882833697,184.52055801590885,nan,-17.267064821233085,5.400082439627652,0.0,-723.1160336407938,1.0,1.0029814857593045,-521.3284108036519,4579117.470410214,0.0,-713.0393652521781,0
514,4596829.213154027,367746.33705232217,4229082.876101705,-14.127705565735187,4.767046132657059,5.146801950920337,162.71108490397094,2.215920042697176,-21.80947311193803,5.329123507714291,0.0015907284458630843,-714.4825012301771,1.0,0.9569317424288157,-529.9619432142683,4587849.513124679,0.0,-697.215436408944,3
515,4605400.068141241,368432.00545129925,4236968.062689941,-13.987848964102044,0.0,5.046044692870514,154.69833371331248,-0.34498236559008655,-15.7797973233154,5.228366249664469,0.00014957782399529061,-721.4122681326937,1.0006,0.9608780105677457,-538.9341370960658,4596451.061310533,0.0,-698.5056621572603,0
516,4613832.705743021,369106.6164594417,4244726.08928358,-13.749199874886783,0.0,5.012679860656226,146.35138825432972,1.3751349413633158,-8.346945458982733,5.195001417450181,0.0002394290877930836,-700.7722440088851,1.0001495778239953,0.8884649545400165,-545.3656774529467,4605027.995836106,0.0,-684.284213842944,0
517,4622272.047876396,369781.7638301117,4252490.284046285,-13.79298323944543,0.8158235126392577,5.083511302699461,159.5113222708869,0.6033604869488342,13.159934016557116,5.265832859493416,0.00036284248316225987,-700.1234655867803,1.0002394290877932,1.0476302943425708,-549.8164668700737,4613479.224780729,0.0,-687.8209096654209,1
518,4631075.756337532,370486.0605070025,4260589.69583053,-14.370392365516857,0.0,5.12461617910105,168.10960528761146,nan,6.7824595040853115,5.306937735895005,0.0,-707.5361219113719,1.0002,0.9913233158701957,-542.2089761278453,4621907.123743792,0.0,-718.5196182758428,0
519,4639810.735021069,371184.8588016855,4268625.876219383,-14.261189687402279,0.0,5.222351029018461,185.36948120152934,nan,17.259875913917888,5.404672585812416,0.0,-706.2770248660285,1.0,1.0632352094634545,-538.167419578417,4630713.396682656,0.0,-713.059484370114,0
520,4648829.617732341,371906.3694185873,4276923.248313754,-14.733608325085317,0.4361910275123302,5.289522921912772,193.73524515825198,1.5070900801650398,8.365763956722702,5.471844478706727,0.002284696310398821,-714.9069628229871,1.0,0.9683360419245649,-529.5374816214583,4639442.55546725,0.0,-732.1668387369053,1
521,4657769.738736809,372621.5790989447,4285148.159637865,-14.59310672198253,0.0,5.15195416678173,172.7687796598347,nan,-22.402656525929597,5.334275723575684,0.0,-724.4582671124906,1.0002,0.9814508862524156,-525.2868309267263,4648467.164408745,0.0,-729.6553360991264,0
522,4666302.492336719,373304.19938693754,4292998.292949782,-14.039568627996577,1.98147165233057,5.2190143532023034,172.3146213394963,2.5207058710442443,-0.45415832033847936,5.4013359099962575,0.0006165339760157702,-708.60661205214,1.0,0.9164362485876658,-535.8378323923056,4657398.269713136,0.0,-686.2039555262108,1
523,4675063.940080272,374005.11520642176,4301058.824873851,-14.297635975795982,0.0,5.077987763936991,160.45086585168784,nan,-14.845227140139016,5.260309320730946,0.0,-720.7685087426397,1.0002866176004206,0.9407536637237616,-535.5859587012438,4665916.81094134,0.0,-714.8817987897991,0
524,4683487.069823369,374678.96558586956,4308808.1042375,-13.752048560158556,0.0,5.036728150862241,153.9654383399404,nan,-6.485427511747448,5.219049707656196,0.0,-702.4476551480668,1.0,0.9927755647497148,-541.9967892963791,4674698.224722066,0.0,-687.6024280079278,0
525,4691972.883868408,375357.83070947265,4316615.053158936,-13.854390277608921,0.0,5.075808022108802,160.1015052842683,nan,6.1360669443279,5.258129578902757,0.0,-699.2049413921934,1.0,1.012297283831771,-545.2395030522528,4683133.182338299,0.0,-692.719513880446,0
526,4700650.894630563,376052.0715704451,4324598.823060119,-14.168180836173692,0.0,5.127561314350964,168.60544060462942,nan,8.503935320361114,5.309882871144919,0.0,-702.272974864357,1.0,1.0648794411104907,-542.1714695800886,4691627.716696609,0.0,-708.4090418086846,0
527,4709409.998384163,376752.79987073306,4332657.19851343,-14.30057755689797,0.0,4.9976809605525885,148.06938190261448,nan,-20.53605870201494,5.1800025173465425,0.0,-706.5249425245376,1.0,0.9219435625233758,-537.9195019199084,4700309.7808764335,0.0,-715.0288778448985,0
528,4717690.8858954515,377415.27087163617,4340275.615023815,-13.52389588068363,0.0,5.016225705908682,150.56686778651925,-1.2944727605720672,2.497485883904784,5.198547262702636,5.411212675198261e-05,-696.2569131735303,1.0,0.9368207710337831,-548.1875312709155,4709085.380039363,0.0,-675.7208544715154,0
529,4726268.712977524,378101.4970382019,4348167.2159393225,-14.003687336183209,0.0,5.05927065733088,157.47562073978267,nan,6.908752953263436,5.241592214124836,0.0,-697.9609232374164,1.0000541121267519,1.0373213554469418,-547.1200131387369,4717341.232284094,0.0,-700.1843668091605,0
530,4734940.105600455,378795.2084480364,4356144.897152418,-14.157375710907544,0.0,5.035688844988378,153.805504280102,nan,-3.6701164596807283,5.218010401782332,0.0,-700.9600325921145,1.0,1.0007655108130473,-543.4844118523314,4725907.2999592265,0.0,-707.8687855453772,0
531,4743466.7216956895,379477.33773565514,4363989.383960035,-13.93110183299363,0.0,5.1300441006644295,168.41904042715893,-0.5016486128137904,14.613536147056916,5.312365657458384,3.660564065726998e-05,-699.1249743622737,1.0,1.0642959003380397,-545.319470082172,4734588.361585835,0.0,-695.4548579025931,0
532,4752301.465966703,380184.1172773363,4372117.348689367,-14.423425135132252,0.0,5.148038773166856,172.09364445564134,nan,3.6746040284825217,5.330360329960811,0.0,-707.1632521588502,1.0000366056406573,0.9554803733307918,-538.1386801823968,4743105.785484597,0.0,-721.1712567566126,0
533,4761022.775660566,380881.82205284527,4380140.953607721,-14.238872969570517,0.0,5.113447055882105,166.24241524056958,nan,-5.85122921507186,5.295768612676059,0.0,-708.2690444500433,1.0,0.9461300903252181,-536.1753999944021,4751961.659141189,0.0,-711.9436484785258,0
534,4769606.768971192,381568.54151769535,4388038.227453496,-14.038391465602851,1.1617169645383776,4.974021829450731,142.17993268421276,0.8868094595422347,-24.062482556356876,5.156343386244684,0.0009012472051162694,-705.3434298425077,1.0,0.8701705114931855,-539.1010146019379,4760699.053631544,0.0,-699.4922006274359,1
535,4777864.161474809,382229.13291798474,4395635.028556825,-13.497397989517395,0.0,4.991874000073196,145.95197115553128,0.2311667837854741,1.610321506780263,5.174195556867151,5.261888098238284e-05,-699.0433738439837,1.0002,1.048706446945679,-550.7017241952329,4769307.621473194,0.0,-672.6812779176971,0
536,4786402.927192771,382912.23417542165,4403490.69301735,-13.939854743800339,0.0,5.0863736418669605,161.80204471876752,nan,15.850073563236236,5.268695198660915,0.0,-696.642485064303,1.0000526188809824,1.0000221262076352,-549.4304445277057,4777538.2656771215,0.0,-696.9927371900169,0
537,4795210.350340045,383616.8280272036,4411593.522312841,-14.37946636289686,0.0,4.955108216869701,141.89796129530095,nan,-19.904083423466574,5.137429773663656,0.0,-703.123244581607,1.0,0.8941375188020156,-541.321199862839,4786061.453625989,0.0,-718.973318144843,0
538,4803457.872553264,384276.62980426115,4419181.242749003,-13.46534238892814,0.0,4.947139242442735,140.77167370934464,nan,-1.1262875859563652,5.129460799236689,0.0,-693.1712028698735,1.0,1.0403788753058523,-551.2732415745722,4794849.713275855,0.0,-673.2671194464069,0
539,4811928.135511618,384954.25084092945,4426973.884670689,-13.884464144592389,2.7177064166017573,4.925604949647548,135.03122622263348,1.0084817753832604,-5.740447486711097,5.107926506441503,0.00017943146612456847,-692.608059076895,1.0,0.925018309709164,-551.8363853675507,4803095.789607701,0.0,-691.4817714909386,1
540,4820433.476120501,385634.6780896401,4434798.798030861,-13.850282611345557,0.0,5.027521043636244,150.7042530497696,0.6152477434346997,11.955320410534288,5.209842600430198,0.0003746864237916638,-696.2470153392263,1.0002,0.9882020758177127,-553.4980826999908,4811570.987490592,0.0,-692.279965445131,0
541,4829144.478083467,386331.5582466774,4442812.919836789,-14.214888902109495,0.0,4.937835135767737,139.46799323599564,nan,-11.236259813773922,5.120156692561692,0.0,-700.6392395915452,1.0003746864237917,0.8739992789153381,-548.0848716451707,4820081.175016935,0.0,-710.7444451054747,0
542,4837483.297581545,386998.6638065236,4450484.633775022,-13.614399180528933,0.0,5.027512998081068,152.55314056672756,nan,13.085147330731875,5.209834554875023,0.0,-691.9562188402208,1.0,0.9576653966692152,-552.4882256042248,4828831.99875182,0.0,-680.7199590264466,0
543,4846200.200844544,387696.0160675635,4458504.18477698,-14.231678796726362,0.0,4.984332680483013,146.10604307319628,nan,-6.4470974935312695,5.166654237276968,0.0,-698.4987925055866,1.0,1.045021282067277,-545.9456519388592,4837171.327072085,0.0,-711.5839398363181,0
544,4854638.3456362905,388371.06765090325,4466267.2779853875,-13.776562925305798,0.0,5.0341740069653005,153.57269023636314,nan,7.466647163166932,5.216495563759255,0.0,-695.2752437588209,1.0,1.0322234398463421,-549.1692006856246,4845897.047492815,0.0,-688.8281462652899,0
545,4863313.086628339,389065.0469302671,4474248.039698072,-14.189220634758568,1.2925317390794349,4.972734881852455,141.4355057786876,1.0938734897276905,-12.137184457675511,5.15505643864641,0.0040710049103426,-699.0085673404047,1.0,0.8625885552949902,-545.4358771040411,4854308.145093462,0.0,-706.4752145035714,1
546,4871694.402640676,389735.5522112541,4481958.850429422,-13.680772040950254,0.0,5.051863671317635,156.31351020090008,nan,12.585472683132954,5.234185228111589,0.0,-698.7365677784921,1.0002,1.0246893046894676,-551.0085302607248,4862989.421785671,0.0,-684.0386020475127,0
547,4880441.184904095,390435.2947923276,4490005.890111767,-14.269147167658401,0.0,5.078438125005589,159.47586471378568,0.046194642026805496,3.1623545128856474,5.260759681799543,0.0003058686869608954,-700.3789773226731,1.0,0.9700699754670661,-544.0654671217728,4871341.873506088,0.0,-712.9644500058057,0
548,4889094.230321008,391127.53842568066,4497966.6918953275,-14.122266710507242,0.012999471208469782,5.115210256348695,166.53579251015205,nan,7.059927796366302,5.297531813142649,0.0,-703.9982592479546,1.0003058686869608,1.0112501606495266,-543.4751162986906,4880108.160693132,0.0,-706.1133355253621,1
549,4897863.559783754,391829.08478270035,4506034.475001054,-14.321226625645155,0.3411986173079753,5.141323016977845,170.03633797832688,-0.09933462232368731,2.4875459969664617,5.3236445737718,0.00024665400406216566,-710.6469450102887,1.0002,0.9783477224707781,-539.0981530289283,4888744.904295862,0.0,-715.1558916052604,1
550,4906640.481678774,392531.23853430187,4514109.243144472,-14.141979061676405,0.0,5.252920837669321,187.09965549090185,1.39228631929607,15.722118895266952,5.435242394463276,0.000649763276999068,-712.5613173174262,1.0002,1.0050733114025427,-537.1837807217909,4897498.808600686,0.0,-712.1242398992872,0
551,4915637.699011771,393251.0159209417,4522386.683090829,-14.672134155320805,0.0,5.168114480810983,175.5834591905977,nan,-11.516196300304175,5.350436037604937,0.0,-721.9086286542401,1.000649763276999,0.9372614155600951,-530.7849333798714,4906267.316442715,0.0,-733.6067077660402,0
552,4924201.623142304,393936.1298513843,4530265.49329092,-13.989840171998756,0.38823798535882914,5.0616201806124925,156.85179528804363,-0.005763494350676284,-18.731663902554132,5.2439417374064465,0.0035453547655974484,-710.0139518175216,1.0,0.9924346019472016,-534.430492626924,4915287.294439638,0.0,-698.4977555172175,1
553,4932599.250465917,394607.9400372734,4537991.310428644,-13.740751442330893,1.8841768697682002,5.08729917203374,158.36943088194695,1.2760429690308037,0.12939760854461912,5.269620728827694,0.0015616331922093552,-705.9925656563094,1.0002,0.9981845774780495,-543.7525323829074,4923878.764351971,0.0,-683.7052273889243,1
554,4941284.169826267,395302.7335861014,4545981.4362401655,-14.01201780120844,0.0,5.153807593751359,171.28011001944924,0.5928741939290606,10.026502267734017,5.336129150545313,0.0010649797568053237,-709.7221682533374,1.0004346842026919,1.062447725061083,-543.0264566911452,4932270.350516256,0.0,-706.6162333898948,0
555,4950129.803706393,396010.3842965114,4554119.419409881,-14.421007833591073,0.0,5.238574123896679,188.40127391883905,nan,17.121163899389753,5.420895680690633,0.0,-712.8330702982792,1.0010649797568054,1.0957812611801847,-539.7437793923708,4940938.651985515,0.0,-721.0503916795536,0
556,4959115.717989135,396729.2574391308,4562386.460550004,-14.670880461620639,0.0,5.114039310478361,166.34090223689782,nan,-22.06037168194124,5.296360867272315,0.0,-716.4228591816425,1.0,0.9579237771576471,-528.0215852628036,4949774.609763142,0.0,-733.5440230810319,0
557,4967561.568946491,397404.9255157193,4570156.643430771,-13.510166095220823,0.0,5.2265083343844045,180.29578182530855,1.7657475785513452,13.954879588410854,5.408829891178359,0.0006676727960193452,-705.3926733406718,1.0,1.0394900120877795,-539.051771103774,4958787.398890267,0.0,-683.3323016587302,0
558,4976497.260986779,398119.78087894234,4578377.480107836,-14.570302022341249,0.0,5.209288452683663,182.9638244472043,nan,2.668042621895546,5.391610009477616,0.0,-720.4061625536963,1.0006676727960193,0.9875370281383496,-534.2644397033433,4967220.589837679,0.0,-728.5151011170624,0
559,4985273.085673667,398821.8468538933,4586451.238819773,-14.328314952205307,0.0,5.088049165781672,162.05126232572584,-3.811597057955342,-20.91256212147833,5.270370722575626,5.925318682706501e-06,-713.704134445825,1.0,0.9384347592792087,-530.7403099986208,4976151.151152137,0.0,-716.3721770677206,0
560,4993657.217332453,399492.5773865962,4594164.639945856,-13.871284693279172,8.966556279632991,4.992282932092242,136.0629478238238,2.416744213770097,-25.988314501901947,5.174604488886196,0.00046895479388121413,-703.2896048804873,1.0000059253186826,0.941033956754014,-541.2162297194994,4984931.255097995,0.0,-682.3549299237468,1
561,5002037.0657465765,400162.9652597261,4601874.10048685,-13.72648786727212,2.357483346666732,5.072209905669207,156.84817414032807,0.9851831670744993,10.818670036871186,5.254531462463161,0.00033271979808380015,-699.887301071337,1.0002,1.0008749556019547,-549.8577969678801,4993345.0644400455,0.0,-683.6460909472927,1
562,5010831.4869632395,400866.5189570592,4609964.968006181,-14.355229517398882,0.0,4.856381291067467,128.55814484607356,nan,-31.64751264092124,5.038702847861421,0.0,-706.9753777631057,1.0002,0.8871020321987311,-542.7697202761111,5001704.641631258,0.0,-717.7614758699441,0
563,5018958.2363658575,401516.6589092686,4617441.577456589,-12.904528441300432,1.951172840969516,4.905641448617274,124.9076380632569,2.316672545942744,-3.6505067828166107,5.087963005411229,0.0008209845375923882,-686.5012946452598,1.0,1.0324363455831873,-557.943149799186,5010514.600273716,0.0,-654.8537820043385,1
564,5027437.511867262,402195.00094938104,4625242.5109178815,-13.837961037586565,0.37156087202941035,4.788696613605232,119.5414579247737,-0.5054837307433558,-8.317352979452743,4.971018170399187,0.0002208761739580805,-700.6859914993195,1.0009142842148182,0.9824176449496305,-561.139123735921,5018641.950706621,0.0,-691.8980518793282,1
565,5035739.0956430165,402859.1276514413,4632879.967991576,-13.453950797774976,0.0,4.912931977236422,134.5339548961588,0.4079518598387579,13.620936099355726,5.095253534030377,0.0008298533604622374,-687.3290584180099,1.0002,0.9901304341212084,-562.4160396212069,5027098.197789787,0.0,-675.9294671080869,0
566,5044394.722050539,403551.5777640432,4640843.144286496,-14.113448607169035,0.0,4.906667475677784,135.1881451114909,nan,0.6541902153320924,5.088989032471739,0.0,-693.5552290284891,1.0008298533604623,0.9932979893797019,-557.5175393629373,5035375.78134792,0.0,-705.6724303584517,0
567,5052852.985491704,404228.2388393363,4648624.7466523675,-13.809409699866013,0.0,5.038729938894163,154.27395319939336,nan,19.085808087902507,5.221051495688117,0.0,-689.8162947779682,1.0,1.0457741411963422,-554.6281496664774,5044053.27198911,0.0,-690.4704849933006,0
568,5061653.936826352,404932.31494610815,4656721.6218802435,-14.368900138196446,0.0,5.080048083061501,160.78178662328264,nan,6.507833423889188,5.262369639855456,0.0,-699.3591988219197,1.0,0.9708778776673435,-545.0852456225263,5052501.539001482,0.0,-718.4450069098223,0
569,5070340.668451082,405627.2534760866,4664713.414974995,-14.182418979155074,0.0,5.0980402020915445,163.70077229167802,nan,2.918985668395478,5.280361758885499,0.0,-702.6131155338641,1.0,1.0212414105592835,-541.8313289105816,5061302.475458659,0.0,-709.1209489577536,0
570,5079001.31547803,406320.10523824237,4672681.210239788,-14.139831880729147,0.0,5.050493901839666,156.09954330175162,nan,-7.6012289899264305,5.232815458633621,0.0,-704.072608368062,1.0,0.8853882349744118,-540.3718360763838,5069993.715838657,0.0,-706.9915940364574,0
571,5087527.991971901,407002.2393577521,4680525.752614149,-13.680436204318415,0.0,5.127863533503459,165.51261326806863,1.14542934264968,9.413069966316998,5.310185090297413,0.0009502245622093144,-700.2719938730986,1.0,1.022457491734304,-544.1724505713472,5078634.95912932,0.0,-692.670764883172,0
572,5096328.255052873,407706.26040422986,4688621.994648643,-14.346092727166777,0.0,4.967487985491629,143.66554378043227,nan,-21.847069487636404,5.149809542285584,0.0,-711.0353572226322,1.0009502245622093,0.975294363393514,-542.3789531239528,5087145.45287984,0.0,-717.3046363583388,0
573,5104625.750745931,408370.0600596745,4696255.690686257,-13.284851248811725,0.0,5.053262092016711,151.65567309384383,1.5844445786453214,7.990129313411616,5.235583648810665,0.0012874948754681888,-694.0549941124386,1.0,0.9760123795286523,-550.389450332007,5095978.6915152855,0.0,-672.2079246248026,0
574,5113339.605555163,409067.168444413,4704272.43711075,-14.198520648449058,0.0,5.047666533156101,155.65881568483084,nan,4.003142590986915,5.229988089950055,0.0,-706.8124851774006,1.0012874948754682,0.9925242285037592,-550.2802300151974,5104252.224850314,0.0,-709.9260324224529,0
575,5121964.276520196,409757.1421216157,4712207.1343985805,-14.081095453112503,0.0,5.14493844600983,171.56092408660763,nan,15.902108401776855,5.327260002803785,0.0,-700.0516300646377,1.0,1.077444927334619,-544.3928143798075,5112977.778052415,0.0,-704.0547726556251,0
576,5130832.1102303695,410466.56881842954,4720365.54141194,-14.478095853346076,0.0,5.175756189515736,176.9303565834579,nan,5.369432496850268,5.35807774630969,0.0,-708.0026842655265,1.0,0.9691448357054215,-536.4417601789191,5121602.414876256,0.0,-723.9047926673038,0
577,5139603.806434753,411168.3045147803,4728435.501919973,-14.321136660216037,0.0,5.213872729504644,183.80450675461745,nan,6.874150171159576,5.396194286298598,0.0,-710.6874005139517,1.0,0.9691017381979088,-533.757043930494,5130484.441625129,0.0,-716.0568330108018,0
578,5148436.039600439,411874.8831680352,4736561.156432404,-14.419972515413818,0.0,5.248156422864391,190.21526849045355,nan,6.410761735836024,5.430477979658345,0.0,-714.1244755995314,1.0,0.9386243947341399,-530.3199688449141,5139256.587421588,0.0,-720.9986257706909,0
579,5157301.862173431,412584.14897387446,4744717.713199556,-14.474812364065706,0.0,5.307889078495974,201.923533457896,nan,11.708264967442533,5.490210635289928,0.0,-717.3298564674496,1.0,1.143302408473938,-527.1145879769962,5148067.90836196,0.0,-723.7406182032853,0
580,5166304.618695313,413304.3694956251,4753000.249199688,-14.720002037181047,1.0595780713179457,5.279558984588439,195.17544436359552,0.10241934103606214,-6.748089094300546,5.461880541382394,0.0007137547593782412,-723.1839889511709,1.0,0.9791324736655699,-521.2604554932747,5156928.0592850195,0.0,-734.8922539186134,1
581,5175144.074265384,414011.52594123076,4761132.548324154,-14.444759413342533,0.7842166287135273,5.218415919452471,178.51547205635083,1.812540910958482,-18.71955037856262,5.400737476246426,0.006643927542362935,-725.4900602370656,1.0002,0.9713043217350609,-524.2550378021518,5165917.812263866,0.0,-716.1119773901146,1
582,5183717.38032095,414697.3904256761,4769019.989895274,-13.387071541345726,0.0,5.28044112190758,192.62388091275642,1.3435529740566,12.32419222769212,5.4627626787015355,0.0017524836310959017,-717.0223933621403,1.0002,0.99643985397506,-532.7227046770761,5174766.056106829,0.0,-695.27146840477,0
583,5192764.182328933,415421.1345863146,4777343.047742618,-14.71827183637537,0.0,5.214963311849669,184.005070050136,nan,-8.618810862620412,5.397284868643624,0.0,-727.4220361925982,1.0017524836310958,0.9477875262154245,-530.9655186783201,5183317.282990982,0.0,-735.9135918187685,0
584,5201407.855172146,416112.6284137717,4785295.226758375,-14.112118927693421,0.0,5.3199745491612935,204.37868031794696,nan,20.37361026781101,5.502296105955248,0.0,-714.2247572472905,1.0,1.047975723468982,-530.2196871971548,5192378.8889507735,0.0,-705.605946384671,0
585,5210545.076740179,416843.60613921436,4793701.4706009645,-14.925717824022572,0.0,5.356746175217309,210.91563100844698,0.1117834004762385,6.536950690499921,5.539067732011264,0.0001316001102776579,-724.4115623811965,1.0,0.950441615651596,-520.0328820632493,5200999.580826366,0.0,-744.7851726490076,0
586,5219548.547295755,417563.8837836604,4801984.663512094,-14.760241625741035,3.091315242589663,5.148814920106565,168.8735231678662,1.2100770628619795,-42.04210784058083,5.331136476900519,0.000719675707644963,-729.2396581224478,1.0001316001102776,0.9580863363275687,-517.2057564964731,5210132.063955079,0.0,-734.6583381954199,1
587,5227857.721807948,418228.6177446359,4809629.1040633125,-13.906096444422804,16.20476992008005,5.172541095886371,153.00123674661828,3.151075912004563,-19.963601663837483,5.354862652680326,0.002989136437693713,-713.3549682248366,1.0002,0.9420028463915512,-536.3901298143804,5219194.862193621,0.0,-671.3361907153094,2
588,5236618.301657325,418929.46413258597,4817688.837524739,-13.588136305186543,0.0,5.332690252027977,202.3120488881009,1.5437345873238377,31.106042221402493,5.515011808821931,0.0016781894421215194,-718.8531057474039,1.0005097085245458,1.1369565071194745,-538.3015770185016,5227489.919633682,0.0,-709.3295059331172,0
589,5245977.321762939,419678.1857410351,4826299.136021904,-15.238773322072555,0.10049642511563306,5.141126570598589,168.25267310655443,0.976643110967055,-34.05937578154642,5.323448127392544,0.00019280801209113396,-732.8591400886027,1.0016781894421216,0.9496835404246524,-525.8650480404318,5236208.636592311,0.0,-759.2831391499357,1
590,5254385.820318837,420350.86562550697,4834034.9546933295,-12.89820366916968,2.6891151115813905,5.318851849321265,192.3744368592215,2.465971531927786,23.021267327551456,5.50117340611522,0.004175530664776616,-711.5491337854432,1.0002,1.0514879073263526,-538.1959642537734,5245596.940407973,0.0,-676.3448359683287,1
591,5263800.577179262,421104.046174341,4842696.5310049215,-15.224136208108947,0.0,5.305854559129447,201.5131337431651,nan,5.44958177236225,5.488176115923402,0.0,-736.6019747183171,1.0040200504172563,1.0418108272905011,-534.1511870003123,5253968.814224894,0.0,-761.2068104054473,0
592,5272723.824722374,421817.90597778995,4850905.918744584,-14.56856741732336,0.0,5.296610657579016,199.65894932610396,nan,-1.854184417061264,5.478932214372971,0.0,-722.9787890938054,1.0,1.03783736478118,-521.4656553506401,5263398.55557578,0.0,-728.4283708661679,0
593,5281573.653206841,422525.8922565473,4859047.760950293,-14.474722968330362,0.0,5.264129404867858,191.0144794041141,0.8169075417929978,-8.644469921989788,5.446450961661813,8.732911481622919e-05,-722.0516968852749,1.0,0.9276403477647464,-522.392747559171,5272336.110687788,0.0,-720.1975124682137,0
594,5290265.843725569,423221.26749804546,4867044.576227523,-14.188268850163611,0.0,5.3406151416690735,208.641014604346,nan,17.62653520023187,5.522936698463028,0.0,-720.3214016873966,1.0000873291148162,1.0294713413615917,-527.0434330260566,5281196.456885555,0.0,-709.4134425081805,0
595,5299381.917218446,423950.55337747565,4875431.36384097,-14.883385294492554,0.0,5.250281842142877,190.6199856336188,nan,-18.02102897072715,5.432603398936832,0.0,-726.542729524396,1.0,0.9922587027671583,-517.9017149200499,5289873.2036590865,0.0,-744.1692647246276,0
596,5308096.558180938,424647.724654475,4883448.833526462,-13.656227879967295,0.0,5.343352332360545,197.89656834151134,2.4262458265072175,7.276582707892493,5.5256738891545,0.0006951453091585721,-717.532215039032,1.0,0.9328326491772686,-526.9122294054134,5298998.222010629,0.0,-699.5111860683052,0
597,5317062.262810285,425364.98102482286,4891697.281785462,-14.615838457854432,0.0,5.408287236168675,223.24888741676622,nan,25.352319075254954,5.59060879296263,0.0,-734.8316589957565,1.0006951453091586,1.0275649470789359,-525.6187718433181,5307700.656498507,0.0,-730.7919228927216,0
598,5326362.450376603,426108.99603012827,4900253.454346474,-15.18397970011721,0.0,5.486141899595614,241.32435490557748,nan,18.07546748881119,5.668463456389569,0.0,-733.846665930606,1.0,1.0299782089110097,-510.5977785138397,5316672.097429428,0.0,-759.1989850058604,0
599,5335684.208749363,426854.7366999491,4908829.472049414,-15.219197343276457,0.0,5.433731425732646,229.00215768902012,nan,-12.322197216557331,5.6160529825266,0.0,-742.8843996750117,1.0,0.9694324076335902,-501.56004476943417,5325977.9153088275,0.0,-760.9598671638229,0
600,5344666.322234008,427573.30577872065,4917093.016455288,-14.723411536555263,2.8780865197593783,5.474786110751658,226.82995464265835,2.465509143514146,-2.1722030463618416,5.6571076675456125,0.000967548185606861,-736.7233010667328,1.0,1.0098018148621675,-507.7211433777128,5335323.336488847,0.0,-724.4011038501758,1
601,5353760.103748026,428300.8082998421,4925459.295448184,-14.860089659532964,0.0,5.054270937681848,155.8403898309453,-0.1626814109207128,-74.86765133147235,5.236592494475803,1.4246720706710826e-05,-742.2265696008174,1.0002,0.9415759069312867,-507.51852843839976,5344299.40565227,0.0,-741.3652978984143,0
602,5361738.613272453,428939.08906179626,4932799.524210656,-11.882334805157024,0.0,5.268228951902388,169.2303718719354,3.212518671993379,13.389982040990095,5.450550508696342,0.003004783352595436,-701.0390347159157,1.0000142467207067,1.0523181105952852,-544.3487829829598,5353426.003401086,0.0,-625.3215214824334,0
603,5370749.01588305,429659.921270644,4941089.094612406,-14.592183642905642,0.25146636293205127,5.164483642190224,171.48057276881414,1.243153278673292,2.250200896878782,5.34680519898418,0.0005770976339740214,-740.1953470543764,1.0030047833525955,0.9981471372299859,-546.1233999056799,5361370.296958322,0.0,-728.7437538186053,1
604,5379554.765766542,430364.3812613234,4949190.384505219,-14.394456979280477,1.5309761684784506,5.10456541550085,161.69412729573557,1.1243840333714574,-11.0379118360107,5.286886972294804,0.0016427823696700283,-718.5921508669558,1.000777097633974,0.9941624984485259,-538.3935845602634,5370381.696234993,0.0,-716.6445288416733,1
605,5388139.553135937,431051.16425087495,4957088.388885062,-13.754901329713329,0.0,5.168816615960132,171.16928005513114,1.512377465635449,6.944176590917167,5.351138172754087,0.0007573711253236132,-708.9851007517155,1.0002,0.9810636218005976,-540.7599972875015,5379197.10560792,0.0,-695.8529341563606,0
606,5396933.524999845,431754.6819999876,4965178.842999857,-14.342200728497742,0.0,5.020957297136703,151.55631880179058,nan,-19.612961253340657,5.203278853930657,0.0,-714.7033655786505,1.0007573711253237,0.8663728010541244,-538.9965797788388,5387781.342770368,0.0,-717.1100364248871,0
607,5405246.4058876615,432419.7124710129,4972826.693416649,-13.575764689005947,0.0,5.154085565443671,172.9185961723932,-1.5195270810783974,21.362277370602705,5.336407122237626,3.365084691629394e-05,-698.0003816231181,1.0,1.0247673439664233,-546.4440628213275,5396604.1931453645,0.0,-678.3874203697775,0
608,5414191.219004374,433135.2975203499,4981055.921484024,-14.603156401486753,0.0,5.228469908573409,186.50721199924024,nan,13.588615826846972,5.410791465367364,0.0,-709.0143580481383,1.0000336508469163,1.0695608280757871,-535.8769465313418,5404906.325719986,0.0,-730.1578200743377,0
609,5423151.639696432,433852.1311757146,4989299.508520718,-14.597241156764019,0.0,5.272437604924798,192.52399735140634,0.8613919868925388,6.016785352166029,5.454759161718753,0.0003325899168792805,-715.4758282218431,1.0,1.0001634299312891,-528.9686162226027,5413842.835412361,0.0,-729.0644440486898,0
610,5432044.152027922,434563.5321622338,4997480.619865688,-14.511852006988605,0.0,5.404550187270114,222.4161523628805,nan,29.89215501147424,5.5868717440640685,0.0,-721.9422674702059,1.0003325899168793,1.073958741738306,-527.0518176458579,5422803.050147235,0.0,-725.5926003494302,0
611,5441394.85208226,435311.58816658077,5006083.263915679,-15.266449068302752,0.0,5.206820936573765,182.5129148050408,nan,-39.903237557839695,5.38914249336772,0.0,-733.430298403663,1.0,0.8906427743295001,-511.0141460407825,5431681.897015758,0.0,-763.3224534151376,0
612,5449883.35819527,435990.66865562164,5013892.689539649,-13.372967768780624,0.0,5.51673957436022,229.94443138769475,2.937998003830861,47.43151658265391,5.699061131154174,0.0005741315366874531,-713.4786796247433,1.0,1.0706702317044523,-530.9657648197024,5441081.87576422,0.0,-673.5754420669036,0
613,5459542.42078077,436763.3936624616,5022779.027118308,-15.738000548267333,0.0,5.427103067692108,227.48926891909912,nan,-2.455162468595609,5.609424624486063,0.0,-758.3465255730791,1.0005741315366874,1.0226224211214296,-509.52407944301825,5449539.533194707,0.0,-786.9000274133666,0
614,5468535.044827343,437482.8035861875,5031052.241241155,-14.68658348981822,0.0,5.358321349635653,211.78334218569387,-0.5364631364189214,-15.705926733405326,5.540642906429607,0.00012043019768283253,-735.9668566817727,1.0,0.9159244856485268,-508.4775877626734,5459218.313245055,0.0,-733.511694213177,0
615,5477291.099166592,438183.2879333274,5039107.811233264,-14.414383940391959,5.895624352167694,5.248055771545608,182.27599234022003,2.0694078339811055,-29.507349845473804,5.430377328339563,0.0048455015881753195,-729.0898050595847,1.000120430197683,0.9467250291958357,-516.7216498712285,5468211.103748856,0.0,-712.7990653235172,1
616,5485913.641881109,438873.0913504887,5047040.550530621,-14.167972675199035,3.4595592526771393,5.251004412304443,177.6478120625775,2.5733722206481575,-11.523804629810217,5.433325969098398,0.0010106389243416327,-721.4583573658024,1.0002,0.9458349197739556,-528.2867406734147,5476994.064167816,0.0,-694.1735384497392,1
617,5494610.334102698,439568.8267282158,5055041.507374482,-14.216118642700684,0.0,5.02874526044373,151.48001789954907,0.23208270331111064,-30.62735341570562,5.211066817237684,3.73247582072001e-05,-719.8892413439661,1.0002709765370603,0.9406240387631942,-532.0532919454952,5485621.733216574,0.0,-708.5188584813792,0
618,5503047.077328714,440243.7661862971,5062803.311142417,-12.432172862315142,0.0,5.212143577055987,163.6258383568854,2.988763901310518,12.145820457336372,5.394465133849942,0.0008618228085942184,-699.3588047632758,1.0000373247582073,1.0504284928244318,-546.6175628318085,5494284.541482746,0.0,-667.4702273156519,0
619,5511885.960757028,440950.8768605623,5070935.083896466,-14.386329163347463,0.0,5.086790636159418,161.86952931729147,nan,-1.7563090395939653,5.269112192953373,0.0,-727.0317547213409,1.0008618228085941,1.0307537292802558,-543.5447993531513,5502704.7907720795,0.0,-719.3164581673732,0
620,5520545.208978551,441643.61671828415,5078901.592260268,-13.87624594235585,0.0,5.113638005113144,161.05873630990524,1.6516207386084978,-0.8107930073862102,5.295959561907098,0.0006909975515362826,-703.1569868808683,1.0,0.9417950421987371,-541.2874575635774,5511521.155965821,0.0,-701.4006778412747,0
621,5529204.707873503,442336.3766298802,5086868.331243622,-14.08524705581584,0.0,4.999026790481145,146.5085685743572,0.5654408975890517,-14.550167735548026,5.181348347275099,0.0003910293487466415,-710.2096198568679,1.0006909975515363,0.9090882447825023,-543.9354577240163,5520194.093053544,0.0,-704.1834010265355,0
622,5537597.880641507,443007.83045132057,5094590.050190186,-13.70032928264441,0.0,5.085395050796895,158.9849395935805,0.9778916441866182,12.476371019223272,5.26771660759085,0.0002955820290989502,-698.4861137249311,1.0003910293487466,1.0134543229436506,-550.2173214605309,5528859.8160025235,0.0,-682.1757222993405,0
623,5546361.061331566,443708.8849065253,5102652.176425041,-14.303153914309704,0.0,5.261854414628242,192.83876295288175,nan,33.853823359301366,5.444175971422197,0.0,-705.3401692341973,1.0002955820290989,1.1322138381670173,-543.6963851026813,5537235.216981109,0.0,-715.1576957154851,0
624,5555579.130313025,444446.33042504196,5111132.799887983,-15.049908541159303,0.0,5.399557430346993,221.3084501234004,nan,28.469687170518526,5.581878987140948,0.0,-718.6416036986635,1.0,1.085306992095588,-525.8028407457821,5545984.172122563,0.0,-752.4954270579651,0
625,5564905.620460094,445192.4496368075,5119713.170823286,-15.226922689088834,0.0,5.18240370080894,178.11042102728987,nan,-43.19802909611059,5.364725257602894,0.0,-732.876447283923,1.0,1.0028493416246773,-511.56799716052257,5555183.525601521,0.0,-761.3461344544417,0
626,5573339.8835555725,445867.19068444584,5127472.692871126,-12.470644129531205,0.0,5.270621415793949,175.40452501207403,2.95137738572736,-2.7058960152156946,5.452942972587904,0.0015865113117929331,-711.2774327358675,1.0,0.9571067022346799,-533.1670117085782,5564545.111411222,0.0,-668.0794036397572,0
627,5582086.825886351,446566.9460709081,5135519.8798154425,-14.24412258654838,0.30306239273627167,5.093486585733768,162.95703640627607,nan,-12.447488605798059,5.275808142527722,0.0,-734.0443134709886,1.001586511311793,0.9339801442456382,-539.5075003305606,5572971.027095258,0.0,-712.206129327419,1
628,5590612.413434645,447248.99307477166,5143363.420359873,-13.922530739787273,0.0,5.08856039868021,161.82447052784613,-1.103273964058171,-2.4356282711661157,5.270881955474165,1.6474434497887626e-05,-709.0025984191145,1.0002,1.0519250146016499,-540.7424996201023,5581712.166393267,0.0,-695.4903005650589,0
629,5599225.235635483,447938.0188508386,5151287.216784644,-14.08319525215033,0.0,4.965391027755183,141.03676695762007,0.8449373167792766,-20.78770357022608,5.147712584549137,0.00010779711350784829,-703.5261779429964,1.000016474434498,0.9768339344881173,-541.3699243573648,5590244.856923973,0.0,-700.7587666140452,0
630,5607461.247039074,448596.8997631259,5158864.347275948,-13.445105908376766,0.0,5.0357411233960425,153.76964153741932,-3.1257575975073157,12.73287457979927,5.218062680189997,0.00041001752542180756,-695.4169335729156,1.000107797113508,1.029834342370261,-552.0523347212988,5598880.9209247045,0.0,-672.3013981086928,0
631,5616201.293602607,449296.1034882086,5166905.1901143985,-14.26268891413181,0.0,5.111248448888657,165.87731500684822,nan,12.107673469428832,5.293570005682611,0.0,-700.4454747865086,1.0004100175254218,1.0946998714013858,-546.6319295893717,5607100.97382455,0.0,-713.1344457065904,0
632,5624987.833379247,449999.0266703398,5174988.806708908,-14.345371063901512,0.0,5.003155733668471,148.88225128129795,nan,-16.99506372555013,5.185477290462427,0.0,-705.1608797256472,1.0,0.9363375696778129,-539.2835647187986,5615834.524994722,0.0,-717.2685531950756,0
633,5633313.769859935,450665.1015887948,5182648.66827114,-13.593365682746436,0.0,4.9836284284908325,146.0031838249588,nan,-2.879067456339203,5.165949985284787,0.0,-696.6633478628717,1.0,1.0316963668691899,-547.7810965815737,5624649.29341265,0.0,-679.6682841373217,0
634,5641794.993006745,451343.59944053966,5190451.393566206,-13.84689493356726,0.0,4.959635201365688,142.54178736188254,nan,-3.4613964630763934,5.141956758159643,0.0,-695.223814134702,1.0,0.9901657556318318,-549.2206303097435,5632975.73635637,0.0,-692.344746678363,0
635,5650247.8815698875,452019.830525591,5198228.0510442965,-13.800634388801752,0.0,5.0681959615171905,158.8874295963929,nan,16.345642234510386,5.250517518311145,0.0,-693.4931159031642,1.0,1.061761607604221,-550.9513285412816,5641461.094707106,0.0,-690.0317194400876,0
636,5659043.523415761,452723.48187326087,5206320.0415425,-14.3602315850986,0.0,5.05039799531661,156.08457305518638,nan,-2.802856541206478,5.232719552110564,0.0,-701.6659370204193,1.0,0.965554505409405,-542.7785074240264,5649904.739203554,0.0,-718.01157925493,0
637,5667587.428655316,453406.9942924253,5214180.434362891,-13.949233044172198,0.0,5.008174426682929,149.6313237057948,nan,-6.453249349391497,5.190495983476885,0.0,-700.2645087498157,1.0,1.0176615577292285,-544.1799356946296,5658702.116309813,0.0,-697.4616522086098,0
638,5676059.476490317,454084.7581192254,5221974.718371091,-13.839184950975294,0.0,4.940129617771027,138.76999041678056,0.018210208698568903,-10.861333289014365,5.122451174564982,0.00020206805016449278,-697.0378840751205,1.0,0.9679074716010958,-547.4065603693251,5667234.031002652,0.0,-690.5846347257288,0
639,5684477.591720349,454758.20733762794,5229719.384382721,-13.255221776537761,0.0,4.993968175390744,142.42285526629453,1.6288083133668947,3.65286484951399,5.176289732184699,0.0011320703463839515,-693.300526005157,1.0002020680501644,0.9700232277083939,-553.5121585627761,5675710.371753984,0.0,-681.420815690542,0
640,5693078.322291235,455446.2657832988,5237632.056507937,-14.011236743565837,0.0,4.9282024912153455,138.130997371746,nan,-4.2918578945485635,5.1105240480092995,0.0,-702.0067684506456,1.001132070346384,0.9636664809049178,-554.4861170624835,5684124.3007086655,0.0,-700.5618371782919,0
641,5701494.021613152,456119.5217290521,5245374.4998841,-13.739917260270943,0.0,4.824487642115971,124.52265187371778,nan,-13.608345498028168,5.0068091989099255,0.0,-691.2877209080956,1.0,0.8671026106344183,-553.15672353635,5692734.360332988,0.0,-686.9958630135471,0
642,5709712.242845753,456776.97942766023,5252935.263418093,-13.417504053221071,0.0,4.928633205894597,138.19050523450878,nan,13.667853360790973,5.110954762688552,0.0,-684.4835481590818,1.0,1.0055980362169403,-559.9608962853639,5701161.216650231,0.0,-670.8752026610535,0
643,5718348.313116207,457467.8650492965,5260880.448066911,-14.099706564005364,0.0,4.943013763309668,140.19211939851823,nan,2.0016141640095277,5.1253353201036225,0.0,-691.3174748394771,1.0,0.969155497454613,-553.1269696049684,5709351.424401891,0.0,-704.9853282002682,0
644,5726853.73184325,458148.29854746,5268705.43329579,-13.886397921709829,0.0,5.033995912912231,153.54534228884393,nan,13.353222890325608,5.216317469706186,0.0,-692.3182819214819,1.0,0.9738627397502538,-552.1261625229637,5718003.301092331,0.0,-694.3198960854915,0
645,5735592.577025376,458847.4061620301,5276745.170863346,-14.218160810783042,0.0,4.905060387550064,133.99340120852403,-0.02259421381549611,-19.5519410803199,5.087381944344018,0.0006945966917663147,-698.9948933666448,1.0,0.8984400749897444,-545.4495510778007,5726527.876294665,0.0,-712.3481162569705,0
646,5743930.520673201,459514.44165385613,5284416.079019345,-13.290832709666745,0.0,4.990895996377069,139.22299115981212,2.059894975890176,5.229589951288043,5.173217553171022,0.0005855408808043646,-692.3492120312437,1.0006945966917664,1.0485198446561832,-557.3781516988618,5735265.5569998715,0.0,-671.8196118270656,0
647,5752479.225358614,460198.3380286891,5292280.887329925,-13.97770873352547,1.3736452677275417,5.031396677010108,151.48892177512883,0.5055144503799586,12.265930615316694,5.213718233804062,0.0006046237182944026,-701.5009925625783,1.0005855408808044,1.0049492256787105,-554.4328555651734,5743601.489363724,0.0,-698.8854366762735,1
648,5761227.467986742,460898.19743893936,5300329.270547803,-14.27983590346412,0.0,5.0264832172215845,152.39612512214305,nan,-1.466441920713246,5.208804774015539,0.0,-703.8038325410362,1.0002,1.0287838799593445,-545.9412654981808,5752145.076740134,0.0,-713.991795173206,0
649,5769765.152561806,461581.2122049445,5308183.940356862,-13.939076857251619,0.0,5.148294918804396,172.13773113798152,nan,19.741606015838386,5.33061647559835,0.0,-698.4202847832946,1.0,1.0237290489132431,-546.0241596611514,5760897.965567917,0.0,-696.9538428625809,0
650,5778683.553060941,462294.68424487533,5316388.8688160665,-14.560653876141041,0.0,5.210854602124098,183.25059764470646,nan,11.112866506724977,5.393176158918052,0.0,-708.2910877912137,1.0,1.0318803171959323,-536.153356653232,5769413.971650397,0.0,-728.032693807052,0
651,5787564.317808446,463005.14542467566,5324559.17238377,-14.499207751026018,0.0,5.361234417350818,212.98769995477397,nan,29.7371023100675,5.543555974144773,0.0,-713.8475210445762,1.0,1.1359680552006064,-530.5969233998698,5778316.0222627865,0.0,-724.9603875513009,0
652,5796855.369196191,463748.42953569535,5333106.939660496,-15.169063490193542,0.0,5.26936993274542,194.29350589567042,nan,-18.694194059103516,5.451691489539375,0.0,-728.7160721996099,1.0,0.9611723796567994,-515.7283722448359,5787163.230023168,0.0,-758.4531745096771,0
653,5805438.635264803,464435.0908211842,5341003.5444436185,-14.013495622219093,0.0,5.108573868105505,165.43425549111768,nan,-28.85925040455271,5.290895424899459,0.0,-719.3689751700579,1.0,0.9026090819885477,-525.0754692743878,5796472.987000139,0.0,-700.6747811109547,0
654,5813721.895178218,465097.75161425746,5348624.143563961,-13.525830949581055,0.0,5.080503681827811,160.7485308362042,-2.23938064883954,-4.685724654913495,5.262825238621766,3.0058902454173577e-06,-704.9393499677819,1.0,0.9571913288796955,-539.5050944766641,5805088.843060856,0.0,-676.0800995632285,0
655,5822271.4881247375,465781.719049979,5356489.7690747585,-13.958439342151879,0.0,5.1937696355156255,180.14636070438243,nan,19.39782986817824,5.3760911923095795,0.0,-702.7142162225074,1.0000030058902454,1.0912938109155483,-541.8591609263028,5813355.453353346,0.0,-697.9219671075939,0
656,5831234.73022216,466498.77841777285,5364735.951804387,-14.633864648851846,0.0,5.008960851930994,149.74904383963406,nan,-30.397316864748323,5.191282408724948,0.0,-712.2954025744139,1.0,0.9430015913619371,-532.1490418700316,5821889.435475385,0.0,-731.6932324425923,0
657,5839417.848500132,467153.4278800105,5372264.420620121,-13.500182904648794,7.6173749229942604,5.120125390616681,158.2887604340656,2.2047068251276483,8.539716594431454,5.302446947410635,0.002684642345088321,-697.09674414204,1.0,1.0820375766061483,-547.3477003024055,5830903.750865479,0.0,-666.6994272772914,1
658,5848311.393705373,467864.9114964298,5380446.482208943,-14.517045393060469,0.0,5.107350873730883,164.47194445318516,-0.274292718003951,-2.434190903874705,5.289672430524837,9.304005013558656e-05,-712.3640245223936,1.0006546189730987,1.058795018021994,-540.8625880191532,5839061.4378703525,0.0,-724.6856537139856,0
659,5856915.9533007825,468553.2762640626,5388362.677036719,-14.046787401089519,0.016548140018055157,5.186931443523342,178.91868761922285,nan,14.446743166037699,5.369253000317297,0.0,-705.5336705032947,1.0000930400501356,1.0579793462257712,-540.3016165051654,5847954.4983729655,0.0,-702.3393700544759,1
660,5865865.103563725,469269.208285098,5396595.895278627,-14.607848368467149,0.0,5.284247435914517,197.20571764959516,nan,17.270481890354247,5.466568992708471,0.0,-716.8401668992291,1.0002,1.0509378292822458,-532.904931139988,5856556.462068955,0.0,-730.3924184233574,0
661,5874906.774209714,469992.54193677707,5404914.232272936,-14.761911258747498,0.0,5.234338926736612,187.60504466268358,nan,-9.600672986911581,5.416660483530567,0.0,-720.8250810470205,1.0,0.9345148055775014,-523.6193633974253,5865522.261978329,0.0,-738.0955629373749,0
662,5883560.4690864,470684.83752691204,5412875.631559488,-14.128481431333062,0.0,5.160249909733793,174.20798643700996,nan,-13.397058225673668,5.342571466527747,0.0,-716.0247445535645,1.0,0.9101941942318121,-528.4196998908811,5874573.355425024,0.0,-706.4240715666531,0
663,5892085.6012622835,471366.84810098266,5420718.753161301,-13.918583144301081,0.0,5.05437368801866,156.7063525362632,nan,-17.50163390074664,5.236695244812615,0.0,-709.3262154407279,1.0,0.9682519385668427,-535.1182290037178,5883225.424024548,0.0,-695.929157215054,0
664,5900500.053495715,472040.0042796572,5428460.049216058,-13.697874710572414,0.0,5.168876422232831,171.93700568630402,1.3298004076902117,15.230653150040753,5.351197979026785,0.000551750744403542,-700.5753984903547,1.0,1.0493468094619616,-543.8690459540911,5891744.200471899,0.0,-683.0737645896078,0
665,5909390.572318015,472751.2457854412,5436639.326532573,-14.504683175769612,0.0,5.076344563180144,160.18742936627518,nan,-11.749576320028863,5.258666119974098,0.0,-713.7837944341331,1.0005517507444035,0.9417981299602012,-538.0664999521355,5900123.497768883,0.0,-725.2341587884806,0
666,5917850.010235187,473428.00081881497,5444422.009416372,-13.811327211706635,0.0,5.085191118065415,161.61082303412863,nan,1.423393667853543,5.26751267485937,0.0,-702.3159369053603,1.0,0.9839018989510137,-542.1285075390856,5909025.955799577,0.0,-690.5663605853317,0
667,5926479.535320921,474118.3628256737,5452361.172495247,-14.08902054814281,0.0,5.081708645438183,161.0489966070258,nan,-0.5618264271028862,5.264030202232138,0.0,-703.0276337392869,1.0,0.957006564089076,-541.4168107051585,5917476.648520556,0.0,-704.4510274071405,0
668,5935134.263192224,474810.74105537793,5460323.522136847,-14.213617783458997,4.089041685072176,4.997083838017276,139.4849976557834,2.139594884734473,-21.563998951242404,5.179405394811231,0.0018634915889999902,-702.7467205257358,1.0,0.9172081643515314,-541.6977239187099,5926132.942884937,0.0,-702.1848940986328,1
669,5942052.036071199,475364.1628856959,5466687.873185503,-127.0194508703529,0.0,5.067056260235227,157.0090659170735,0.5290874315980414,12.435026576217945,5.249377817029181,0.24796236070548744,-699.1595686900366,1.0002,0.9823153556464937,-550.5855293491804,5934801.020239696,0.0,-678.5964475839504,0
670,5963150.982228237,477052.078578259,5486098.903649978,-14.900741552572395,23.6185846746252,4.881231327156638,131.7928441248945,nan,-25.216221792179027,5.063552883950593,0.0,-734.2994336762828,1.2479623607054875,1.0353495227252274,-575.5929851353279,5941648.89778449,0.0,-745.0370776286197,1
671,5971748.251296358,477739.8601037087,5494008.3911926495,-13.99667676183448,0.0,5.244734316514718,188.40355618875003,0.15004621814755909,31.992127389230248,5.427055873308672,0.0005093091983881905,-705.0782634193686,1.0002,1.1142827794665473,-544.6668346198486,5962807.490025575,0.0,-700.4688632893968,0
672,5980942.471452478,478475.3977161983,5502467.07373628,-15.000769112541208,0.0,5.279933287201536,196.35677540485162,nan,7.953219216101657,5.462254843995491,0.0,-719.2082161796258,1.000509309198388,1.040755616196225,-529.6427720490806,5971382.342211359,0.0,-750.0384556270604,0
673,5989934.7031998625,479194.776255989,5510739.926943874,-13.31562154554637,0.0,5.197437645842758,176.4680205749822,1.4679508879265777,-19.888754829869473,5.379759202636712,0.003283316255295292,-720.4006099246486,1.0,0.9826108346814316,-524.0438345197973,5980603.1606757725,0.0,-728.3538291407502,0
674,5998570.183584055,479885.6146867244,5518684.56889733,-13.992075948774115,1.4420482956856446,5.05185880160451,155.82878694828497,-0.7257487792312507,-20.639233626697273,5.234180358398464,0.001255613844320888,-723.3489224115655,1.0032833162552952,0.8992455292535386,-542.5405696410768,5989626.1188843,0.0,-699.1198353861895,2
675,6007048.120037471,480563.84960299765,5526484.270434474,-13.872826421115318,0.0,5.060777832486476,153.80573111743308,1.362875240366335,-5.4651041265373586,5.243099389280431,0.00010640964596357616,-711.1582934389791,1.0004,0.9839247420289103,-543.8874581950088,5998267.972404898,0.0,-687.9054288191523,0
676,6015551.055741169,481244.0844592935,5534306.971281875,-13.880671647131429,0.0,5.082580754399812,161.18951014287916,nan,7.383779025446001,5.264902311193767,0.0,-703.4060983975354,1.0001064096459635,1.0219955622851593,-545.6929553656752,6006741.410510025,0.0,-694.0335823565714,0
677,6024251.0150060775,481940.0812004862,5542310.933805591,-14.204015126382174,0.0,5.019045728687766,151.266885248691,nan,-9.922624894188067,5.201367285481721,0.0,-702.8169772936626,1.0,0.954351696490113,-541.6274671507834,6015232.809804783,0.0,-710.2007563191087,0
678,6032679.068931467,482614.3255145174,5550064.743416949,-13.794599602299593,1.6910664816526053,5.012700814878183,148.51320815331835,0.5860853087491563,-2.753677095372706,5.195022371672138,0.0016203264230193225,-697.8556648465684,1.0,0.9606126113279657,-546.5887795978773,6023918.110095938,0.0,-687.9330399523803,1
679,6041226.927043547,483298.15416348376,5557928.772880063,-13.952677509923873,0.0,5.101810313335878,164.31910727743812,nan,13.114832642467228,5.2841318701298325,0.0,-702.4746863370941,1.0002,1.0737595243773177,-547.2704117021226,6032343.037893441,0.0,-697.6338754961937,0
680,6050016.26049771,484001.3008398168,5566014.959657893,-14.349932170068183,0.0,5.167767338955498,175.52251740111672,nan,11.203410123678461,5.350088895749452,0.0,-704.381775860942,1.0,0.9699842351470463,-540.0626685835036,6040869.807412052,0.0,-717.4966085034091,0
681,6058850.79991303,484708.06399304245,5574142.735919988,-14.42373782092919,0.0,5.031458411771889,153.15621472231018,nan,-22.36630267880654,5.213779968565843,0.0,-709.9834809227812,1.0,0.8699825967851241,-534.4609635216648,6049661.201941252,0.0,-721.1868910464596,0
682,6067140.747569961,485371.25980559684,5581769.487764364,-13.544462201100217,0.48283529912467826,4.920654632233471,136.30324572487817,-0.23688357656698944,-16.852968997431905,5.102976189027426,0.0012396681464563659,-698.8003295833778,1.0,0.805713874315877,-545.6441148610679,6058533.7717911145,0.0,-676.4340269045715,1
683,6075417.7445341125,486033.419562729,5589384.324971383,-13.510455227583549,0.0,4.999018061922918,148.2674980972614,nan,10.481417073258513,5.181339618716874,0.0,-695.76558953161,1.0002,0.9792958310604242,-553.979508507607,6066813.254146089,0.0,-675.5227613791774,0
684,6084076.502541328,486726.12020330626,5597350.382338022,-14.136747766882237,0.0,4.961750792386776,142.84366670137112,nan,-5.423831395890311,5.14407234918073,0.0,-696.3559712708536,1.0,0.9395572022922711,-548.0884731735922,6075068.554100754,0.0,-706.8373883441119,0
685,6092524.615378436,487401.9692302749,5605122.646148161,-13.796712003035822,0.17021583938258744,4.992575547150844,145.71962231439983,0.4673317091277238,2.875955613028812,5.174897103944799,0.0002543689602479101,-693.6440555729083,1.0,0.9526286108476731,-550.8003888715373,6083720.355917272,0.0,-688.2202241770182,1
686,6101109.084930385,488088.72679443087,5613020.3581359545,-14.012423435968683,0.0,4.913208898927949,136.07536666923477,nan,-10.814471484547735,5.095530455721903,0.0,-700.3447934892881,1.0002022462126667,0.969992994722043,-549.4350868505735,6092166.041335203,0.0,-700.6211717984341,0
687,6109432.29149777,488754.58331982157,5620677.708177948,-13.588908681445844,0.0,4.9629992881145295,143.0221177835114,nan,6.946751114276655,5.145320844908484,0.0,-690.2599055568401,1.0,0.9625871710987288,-554.1845388876054,6100777.158361936,0.0,-679.4454340722922,0
688,6118015.621892567,489441.2497514053,5628574.372141162,-14.0136006445651,0.0,4.796465193450505,121.08165993305744,nan,-21.940457850453942,4.97878675024446,0.0,-693.7332811139785,1.0,0.9702640991138373,-550.7111633304671,6109087.440635264,0.0,-700.680032228255,0
689,6126294.945862981,490103.5956690385,5636191.350193942,-11.974057059005304,0.0,4.992919341091181,133.86862742714823,2.602495618753965,12.786967494090721,5.175240897885135,0.001320471080451883,-682.7630521887514,1.0,0.9568330193862041,-561.6813922556942,6117712.104777512,0.0,-660.8225943382976,0
690,6134979.498566522,490798.3598853218,5644181.1386812,-14.124263662752186,0.0,4.817952822653458,123.71157184187098,nan,-10.15705558527721,5.000274379447414,0.0,-706.9235959973988,1.001320471080452,0.8529391417026378,-559.5575882163707,6125976.100289522,0.0,-706.2131831376093,0
691,6143235.030235355,491458.80241882836,5651776.227816527,-13.47841905115762,0.0,4.81721263314835,123.62003571595224,nan,-0.09153612591873506,4.999534189942304,0.0,-684.0780081431584,1.0,1.0454328503702592,-560.3664363012874,6134689.9013420865,0.0,-673.9209525578809,0
692,6151613.303858793,492129.06430870347,5659484.239550089,-13.678814079085598,0.0,4.94373102136184,140.29270939518796,nan,16.672673679235693,5.126052578155794,0.0,-684.0322400801991,1.0,0.9760821173841093,-560.4122043642467,6142918.614213813,0.0,-683.9407039542799,0
693,6160299.059178634,492823.9247342907,5667475.134444343,-14.180825011981046,0.0,4.957831013471609,142.2848470487222,nan,1.992137653534237,5.140152570265563,0.0,-692.3685769198169,1.0,0.9768008780979456,-552.0758675246287,6151276.351094763,0.0,-709.0412505990523,0
694,6168819.67207415,493505.57376593206,5675314.098308219,-13.913554821060382,0.11515459082575258,4.998464088534812,147.86442694254097,-1.136446086982009,5.579579893818726,5.180785645328766,0.000960840024970505,-693.3646457465841,1.0,1.0029175194026616,-551.0797986978616,6159974.904531651,0.0,-695.3567834001183,1
695,6177454.671085214,494196.3736868172,5683258.297398397,-14.090445123944793,0.0,5.041430688437631,153.07213861719023,0.4818290812520905,4.092557083823619,5.223752245231585,0.00022725810112459214,-701.3623397862914,1.0002,1.0294007548541495,-548.3827582529253,6168497.475300354,0.0,-703.123881990132,0
696,6186077.879906647,494886.2303925318,5691191.649514115,-14.089105587365198,0.7182859028178721,5.03100087306155,152.23455450541357,-0.16063676250169576,-0.8375841117767139,5.213322429855506,0.00020028386148904912,-701.1301539745126,1.0002272581011247,0.9813134128556777,-546.4389823187697,6177132.138814439,0.0,-703.6036780197834,1
697,6194661.828844953,495572.9463075963,5699088.8825373575,-14.011601307843417,0.0,5.007304866319623,149.50126679195483,nan,-4.4515736162765585,5.189626423113578,0.0,-703.8489692237242,1.0002,0.9816968156525707,-545.8961288154928,6185739.815389147,0.0,-700.5800653921708,0
698,6203168.446749356,496253.47573994845,5706914.971009407,-13.928286332495837,1.956597940038665,5.057105966776044,153.2420688183408,1.3591889622102014,3.7408020263859156,5.239427523569999,0.004080823079180752,-696.9728556182004,1.0,0.9367119614001477,-547.4715888262455,6194323.50121571,0.0,-692.5212820019235,1
699,6211829.325853198,496946.34606825584,5714882.979784942,-14.137201578107952,0.0,5.107213802565298,165.20940700005676,nan,9.010740241677386,5.289535359359253,0.0,-704.9718823987986,1.0002,0.973815203890828,-544.7732156404186,6202831.837428598,0.0,-706.8600789053976,0
700,6220585.204122913,497646.81632983306,5722938.38779308,-14.308267077090782,0.0,5.245394982796518,188.74986231725137,-0.06095806896569505,23.540455317194567,5.427716539590473,6.505465529371228e-05,-704.8269257222512,1.0,1.0548058890727239,-539.6175187221945,6211482.348616245,0.0,-713.8376659639289,0
701,6229655.000605935,498372.40004847484,5731282.60055746,-14.807069357297365,0.0,5.170868645834846,176.06771156203646,nan,-12.682150755215012,5.3531902026288005,0.0,-717.7538752379679,1.0000650546552936,1.0686509749050792,-528.0631502304218,6220222.513441615,0.0,-740.3534678648682,0
702,6238256.445297956,499060.5156238364,5739195.929674119,-14.078265857679412,1.3619570589949426,5.2675650475622,187.9612736710626,1.7887334003960262,11.893562109026169,5.449886604356155,0.00048715054192019757,-710.256078003241,1.0,1.020126560041081,-534.1883664412046,6229321.409022618,0.0,-697.5739272480256,1
703,6247246.646850414,499779.7317480331,5747466.91510238,-14.672562737258552,0.0,5.157019779935931,173.6461798715367,nan,-16.677050858520744,5.339341336729886,0.0,-725.9071710815512,1.0003782165075876,0.9763815557453942,-528.3016879139167,6237909.746188153,0.0,-733.6281368629276,0
704,6255733.990040013,500458.719203201,5755275.2708368115,-13.862539116559377,0.0,5.169404970447107,175.3284611081506,-0.7303652917469834,1.682281236613806,5.351726527241061,8.501449876188543e-05,-709.0453121579912,1.0,1.078418734045201,-535.3991322864543,6246926.262893432,0.0,-692.3682612994705,0
705,6264454.847085977,501156.3877668782,5763298.459319099,-14.23696053756909,0.0,5.133849183748804,169.6689496940244,nan,-5.65951141412626,5.316170740542758,0.0,-710.6474786267016,1.0000850144987619,0.9441455417513072,-534.8372845336897,6255386.56007633,0.0,-711.8480268784544,0
706,6273046.962610255,501843.7570088204,5771203.205601434,-14.027943713102186,0.0,5.0442663311694265,155.13044306636883,nan,-14.53850662765555,5.2265878879633805,0.0,-707.0566970692352,1.0,0.9279254366277975,-537.3877473752109,6264097.222188783,0.0,-701.3971856551093,0
707,6281441.262090068,502515.3009672055,5778925.961122863,-13.70497874255504,0.0,4.956041481652914,142.0304514799829,nan,-13.099991586385803,5.138363038446869,0.0,-699.7874437554074,1.0,0.9365173662267915,-544.6570006890385,6272702.491373768,0.0,-685.248937127752,0
708,6289772.945930671,503181.8356744537,5786591.110256217,-13.602749127516567,0.0,4.971300269502986,144.21428294615126,nan,2.1838314661683005,5.153621826296941,0.0,-693.2374479622144,1.0,0.9180676595765965,-551.2069964822313,6281104.094534235,0.0,-680.1374563758284,0
709,6298305.232571398,503864.41860571183,5794440.813965686,-13.930263903229333,0.0,5.009394894099138,149.81405534714682,nan,5.599772400995531,5.191716450893092,0.0,-694.3293636952982,1.0,0.9526337474034146,-550.1150807491473,6289421.755083788,0.0,-696.5131951614667,0
710,6306942.935725717,504555.43485805736,5802387.500867659,-14.117232779040465,0.0,4.929221294650541,135.86733459005006,0.8773265222407332,-13.94672075709674,5.111542851444495,0.00013943313917433021,-697.1292498957965,1.0,0.9231509210252667,-547.3151945486496,6297947.95132146,0.0,-702.7290222967919,0
711,6315253.448168256,505220.27585346054,5810033.172314796,-13.583909554203906,0.0,4.896211106957002,132.15421450851898,0.4871791941193371,-3.7131200815310677,5.078532663750956,9.110786382937407e-05,-693.032714441932,1.0001394331391744,0.896592067899719,-554.7609170239494,6306591.8601287315,0.0,-676.6815308569032,0
712,6323644.018208712,505891.52145669697,5817752.496752015,-13.697798418646299,0.0,5.032253582746189,153.2780485317259,nan,21.12383402320691,5.214575139540143,0.0,-690.2307592746332,1.0000911078638293,1.0417090209030537,-556.4488265053271,6314875.395685969,0.0,-684.8899209323149,0
713,6332463.835444976,506597.10683559807,5825866.7286093775,-14.399701610225854,0.0,5.193828622469786,180.1569873029157,nan,26.8789387711898,5.376150179263741,0.0,-698.8612464880857,1.0,1.1121847234827142,-545.58319795636,6323248.30832258,0.0,-719.9850805112927,0
714,6341518.786214376,507321.5028971501,5834197.283317226,-14.783593092897409,0.0,5.313049902520495,202.96831893857689,nan,22.81133163566112,5.495371459314449,0.0,-712.3007158736804,1.0,1.054736005991677,-532.1437285707653,6332057.229165678,0.0,-739.1796546448704,0
715,6350663.62820263,508053.0902562104,5842610.53794642,-14.930354266543446,0.0,5.383740189484249,217.83549971579302,nan,14.867180777216218,5.566061746278204,0.0,-723.7063816915114,1.0,1.0619067872880925,-520.7380627529343,6341107.954108386,0.0,-746.5177133271723,0
716,6359847.064109353,508787.76512874826,5851059.298980605,-15.000745816106681,0.20307537080894766,5.377981369679116,212.7130886834626,1.3536525847059984,-5.122411032330469,5.56030292647307,0.001473621438771638,-731.1399720801193,1.0,0.9764961176359711,-513.3044723643262,6350256.242854137,0.0,-746.0071528573357,1
717,6368754.290595329,509500.3432476264,5859253.947347703,-14.372192520670534,0.0,5.111243442720076,164.51838068298886,0.3060895476633958,-49.39778337128267,5.293564999514031,0.0014057083002248138,-734.0166053486287,1.0002062803052625,0.9610472849800515,-515.9367025676568,6359447.577863018,0.0,-725.4389079386518,0
718,6376990.154009079,510159.2123207263,5866830.941688352,-14.082304522367052,32.77675027550827,5.234343010515651,142.65624243763065,3.805541158294578,-21.862138245358263,5.416664567309605,0.001655810921805707,-709.9215450416043,1.0014057083002248,1.0223284934489603,-544.0450604424801,6368328.246981362,0.0,-659.1656577541863,1
719,6385908.152762006,510872.6522209605,5875035.500541045,-14.538719283049888,0.0,5.17167949865986,175.81233506673834,-0.9208024118089628,-0.6206576464004965,5.354001055453815,0.0006496261923618371,-715.0890453761776,1.0002,0.9369969543015952,-534.6560526630392,6376571.424954716,0.0,-727.4329691438236,0
720,6394631.003283228,511570.48026265827,5883060.523020569,-14.230158661652128,0.0,5.179699677393344,177.62945684053918,nan,1.8171217738007734,5.362021234187299,0.0,-712.5267901219681,1.0006496261923619,1.011191794102456,-536.3162556622682,6385490.9602217525,0.0,-711.5079330826064,0
721,6403363.465670328,512269.0772536262,5891094.388416702,-14.25708144832586,0.0,4.965992234714408,143.4508165608991,nan,-34.17864027964002,5.148313791508363,0.0,-711.0369506424923,1.0,0.9505155130563099,-533.4074938019534,6394199.716439528,0.0,-712.854072416293,0
722,6411469.567675045,512917.5654140036,5898552.002261041,-13.255293016299168,0.0,5.065804770092955,156.53349004762666,0.6802965491729437,13.08267348672755,5.248126326886909,9.655948653118542e-05,-693.9476305026723,1.0,1.0398589591006528,-550.4968139417734,6402977.308333662,0.0,-659.7689902230322,0
723,6420215.661224929,513617.2528979943,5906598.408326934,-14.27796722500377,0.0,5.062367351489419,157.96403041202834,nan,1.4305403644016859,5.244688908283374,0.0,-702.790150934302,1.0000965594865312,0.98987542128102,-544.2821977158344,6411076.189764612,0.0,-713.8983612501885,0
724,6428822.937252886,514305.8349802309,5914517.102272655,-14.05269555585277,0.0,5.220170446402702,184.96570812359926,nan,27.00167771157092,5.402492003196657,0.0,-701.204237428237,1.0,1.1240152123137346,-543.2402070162085,6419831.043879432,0.0,-702.6347777926385,0
725,6437908.844989332,515032.7075991466,5922876.137390186,-14.834135079911869,0.0,5.230999117390615,186.97952472127375,nan,2.0138165976744533,5.413320674184569,0.0,-714.7050762840222,1.0,0.9999838017434494,-529.7393681604235,6428432.985006288,0.0,-741.7067539955934,0
726,6446700.986053795,515736.07888430357,5930964.907169491,-14.354516023610692,0.0,5.129411558400028,168.9176905980141,nan,-18.061834123259636,5.311733115193983,0.0,-715.7119845828598,1.0,0.9504101592477763,-528.7324598615859,6437531.48962445,0.0,-717.7258011805346,0
727,6455178.923579229,516414.3138863383,5938764.609692891,-13.859705775170143,0.8905809484378047,5.056912860960842,152.7387073080095,1.4738599379687454,-16.178983290004624,5.239234417754797,0.01831651441567731,-706.6810675212298,1.0,0.9168340078827666,-537.7633769232159,6446333.759080806,0.0,-688.6192333979704,1
728,6463571.360903383,517085.70887227065,5946485.652031112,-13.698929284729966,0.0,5.01265949229395,150.30393724048255,nan,-4.3253510159646815,5.194981049087905,0.0,-704.1871931478322,1.0002,0.9448977290012941,-545.557904891385,6454812.109724595,0.0,-684.9464642364983,0
729,6472085.405739106,517766.8324591285,5954318.573279978,-13.917471823323897,0.0,4.8615923810143125,127.23760261144355,0.6892490198393094,-23.06633462903902,5.043913937808267,0.0001164215835695565,-697.3741908424643,1.0,0.8898183811605832,-547.0702536019814,6463203.697109328,0.0,-693.0488398264993,0
730,6480227.2044422915,518418.17635538336,5961809.028086908,-13.304866354686956,0.0,4.902312986815589,133.31187254789756,0.2537713920414202,6.074269936453983,5.084634543609543,8.187532075023275e-05,-688.2517531111143,1.0001164215835696,0.9772984570066626,-559.0219316451813,6471741.166290919,0.0,-663.1931996275857,0
731,6488755.283991301,519100.4227193041,5969654.861271997,-13.873703349372638,0.0,4.964783987715151,142.43222154518156,-0.16797417761240074,9.12034899728405,5.147105544509106,0.0007643107708454645,-690.4396719542631,1.0000818753207503,1.0116558225977776,-555.8389222833475,6479890.822484778,0.0,-695.2250647676991,0
732,6497398.264284212,519791.861142737,5977606.403141475,-14.097665183792,0.0,4.9633614635183925,143.07392625809223,nan,0.6417047129105974,5.1456830203123465,0.0,-696.6082858563369,1.0007643107708455,1.014216572057488,-553.3306886471347,6488412.684239053,0.0,-704.8832591895999,0
733,6505918.984015984,520473.51872127876,5985445.465294706,-13.818903054854344,0.0,5.1261274813389575,167.2882702585655,0.0728707730759427,24.214344000473304,5.308449038132912,0.0010425742890101649,-693.7591853512691,1.0,1.0038293834597194,-550.6852590931766,6497066.154208677,0.0,-694.4008900641793,0
734,6514912.269907446,521192.98159259564,5993719.28831485,-14.663354846828295,0.0,5.131393768193828,169.25285296998956,nan,1.964582711424171,5.313715324987783,0.0,-710.0289898734895,1.0010425742890101,1.0049529447872076,-541.6651280823761,6505565.172013912,0.0,-733.1677423414147,0
735,6523595.231992325,521887.618559386,6001707.613432939,-14.176264628372838,0.0,5.062335528407376,157.95900358971355,nan,-11.29384938027606,5.24465708520133,0.0,-706.8486487072178,1.0,0.9198655419928494,-537.5957957372282,6514562.488047671,0.0,-708.8132314186419,0
736,6532055.668549997,522564.45348399977,6009491.215065997,-13.826244767246434,0.0,5.220408153053037,184.25638618429792,-0.2832987010587858,26.29738259458428,5.402729709846992,2.714097340518481e-05,-701.2017240170794,1.0,1.0826639588387674,-543.2427204273661,6523236.428054961,0.0,-689.9078746368034,0
737,6541130.155643039,523290.41245144315,6017839.743191596,-14.814901832309314,0.0,5.28511242974562,197.37637317616873,nan,13.119986991870872,5.467433986539575,0.0,-715.201003765195,1.0000271409734052,1.0731430251479708,-530.1913228365837,6531671.864697249,0.0,-740.7450916154656,0
738,6550140.647102427,524011.25176819414,6026129.395334233,-14.718524606183422,0.36838895204448985,5.219237649659376,182.89741865166081,0.6396591146820358,-14.478954524507893,5.40155920645333,0.00021702865781804615,-720.9104088103073,1.0,0.9209757457637324,-523.5340356341386,6540750.67352667,0.0,-734.030395802178,1
739,6558758.465134965,524700.6772107972,6034057.787924168,-14.079146150285085,0.0,5.232553614128952,186.55524147373774,-0.33523732310613186,2.2894338700324233,5.414875170922907,3.215986847401301e-05,-719.0054528214611,1.0002,0.96387103004487,-530.7396452177558,6549775.346849907,0.0,-702.6419694325705,0
740,6567593.153449868,525407.4522759895,6042185.701173878,-14.24650367225803,0.0,5.301832168436295,197.62020616436703,1.1262245520537097,11.064964690629317,5.48415372523025,0.0007617498492802072,-716.3290845619579,1.000032159868474,0.9475484792944177,-529.0586747479805,6558388.4304475235,0.0,-717.9033500917504,0
741,6576604.434650371,526128.3547720297,6050476.079878341,-14.690957411693926,0.0,5.202717673043568,181.76555058270975,nan,-15.85465558165736,5.385039229837523,0.0,-726.5668969392317,1.0007617498492802,0.9095510445468538,-525.8626997296999,6567221.268036005,0.0,-734.5478705846963,0
742,6585151.336009446,526812.1068807556,6058339.22912869,-14.145597473968285,9.382167498437276,5.278739877758527,186.09304938100516,2.3055339175834493,4.327498798295324,5.461061434552481,0.001289750576268537,-713.1049975135774,1.0,1.0271626697594398,-531.3394469308681,6576229.040730099,0.0,-697.2503419319204,1
743,6594173.774006979,527533.9019205583,6066639.872086421,-14.727501812699034,0.0,5.367099998660689,214.24066772666774,nan,17.765450847225452,5.549421555454644,0.0,-725.1101574593296,1.0002,1.0415687742495987,-524.6349405798874,6584782.674227401,0.0,-736.3750906349517,0
744,6603338.649437171,528267.0919549738,6075071.557482198,-14.98174485421295,0.9154634409218803,5.211414619614746,181.3740141475476,0.6827107994254307,-32.866653579120204,5.393736176408701,0.01735071409965833,-729.3425560855568,1.0,0.9796118753474553,-515.1018883588889,6593793.067241036,0.0,-747.1080069327821,1
745,6611827.134626012,528946.170770081,6082880.963855932,-14.204287079514739,17.078702769278983,5.334166960394996,179.67454591852714,3.3187371539574153,-3.6149316699423366,5.516488517188951,0.0010930024844251532,-718.5172878138434,1.0002,1.0409083306521976,-531.2278102253739,6602976.606061633,0.0,-682.5889121346522,2
746,6620970.83287941,529677.6666303528,6091293.166249057,-14.922468536952199,0.0,5.518066729089622,249.15289124361954,nan,50.39964255581342,5.700388285883577,0.0,-730.8995001608971,1.0004,1.1020701837592202,-524.1462514730908,6611447.025329662,0.0,-746.12342684761,0
747,6630736.512181813,530458.9209745451,6100277.591207268,-15.943966207996924,0.0,5.571998118430451,262.9589978809365,nan,13.806106637317015,5.754319675224405,0.0,-746.7986678440324,1.0,1.059058561522824,-497.6457766004131,6620569.289721163,0.0,-797.1983103998462,0
748,6640140.062177761,531211.204974221,6108928.85720354,-15.355210898856724,0.0,5.6546185309023125,285.4761287286926,-2.029640270880138,22.51713084775597,5.8369400876962665,1.5296384020352715e-05,-753.7017211626907,1.0,1.0960969225274364,-490.74272328175476,6630348.518219695,0.0,-767.5078278000083,0
749,6649821.747021885,531985.7397617508,6117836.0072601335,-15.860682402025171,2.6469389720903465,5.446182928587273,226.36503396279778,1.7059057665118327,-59.11109476589466,5.628504485381228,0.0001248468445452441,-765.1420011328577,1.0000152963840203,0.9361656557813712,-479.5344896293066,6639734.2549693845,0.0,-787.5277492057554,1
750,6658435.657723559,532674.8526178848,6125760.805105674,-14.117755210006735,2.804600136532443,5.473963921146948,222.7509547766191,2.7506229500642667,-7.261018158268998,5.656285477940902,0.00014259241415114435,-741.8785354870529,1.0002,1.0646447809595558,-507.86656255216434,6649485.2190541625,0.0,-690.2353810017878,1
751,6667669.687914588,533413.575033167,6134256.11288142,-15.072958455140006,0.0,5.225482253912211,185.95082441880095,nan,-40.60473049435067,5.407803810706165,0.0,-740.1503264761844,1.0002,0.8938990272371663,-509.5947715630328,6658110.00589692,0.0,-753.6479227570003,0
752,6675933.450987816,534074.6760790253,6141858.77490879,-13.49185807874545,0.0,5.21219475592491,183.49634626333327,nan,-2.4544781554677124,5.3945163127188644,0.0,-715.1976344316236,1.0,0.9655814447627906,-529.2468100128224,6667372.247977008,0.0,-674.5929039372725,0
753,6684649.520973489,534771.9616778791,6149877.55929561,-14.230318343968435,0.0,5.247763663980689,190.1405744232776,nan,6.644228159944397,5.430085220774645,0.0,-713.9703953538897,1.0,1.0991829271741187,-530.4740490905563,6675603.558440849,0.0,-711.5159171984217,0
754,6693517.7460090155,535481.4196807212,6158036.326328294,-14.478734751876116,0.0,5.094502426948501,163.1226589889686,nan,-27.017915434308918,5.276823983742457,0.0,-717.292509433862,1.0,1.0208180355859884,-527.1519350105839,6684313.594420793,0.0,-723.9367375938058,0
755,6701852.510166668,536148.2008133335,6165704.309353335,-13.610632713865789,0.0,5.115289890097491,162.92292586454104,1.2881656999887912,-0.19973312442773644,5.297611446891445,0.00019228541697828317,-703.7835517167072,1.0,0.9742763939452296,-540.6608927277384,6693204.51926206,0.0,-676.7656362823984,0
756,6710478.680315285,536838.2944252228,6173640.385890062,-14.08208558510153,0.0,5.132582616236111,169.45418854788437,nan,6.5312626833434235,5.314904173030066,0.0,-707.9301414226418,1.0001922854169782,0.9553876108487813,-541.3810865149635,6701536.519057987,0.0,-704.1042792550764,0
757,6719218.817410233,537537.5053928187,6181681.312017415,-14.26961158359016,0.0,5.055644129566116,156.9055653145763,nan,-12.548623233308128,5.23796568636007,0.0,-706.9493164961651,1.0,0.905502621879105,-537.4951279482807,6710166.913748747,0.0,-713.480579179508,0
758,6727648.365585398,538211.8692468319,6189436.496338566,-13.762527632924055,0.0,5.147433680080303,171.9895432797686,nan,15.083977965192325,5.329755236874258,0.0,-700.6750048795107,1.0,1.0738599445320847,-543.7694395649347,6718912.852443015,0.0,-688.1263816462027,0
759,6736519.480753978,538921.5584603183,6197597.922293659,-14.489444944996842,0.0,5.180302913516303,176.8589550661929,-0.13046569115667914,4.8694117864243225,5.362624470310257,0.00013309939650945197,-708.2169938621074,1.0,1.0324138390143913,-536.2274505823386,6727322.933846075,0.0,-723.3009718272995,0
760,6745291.429180238,539623.3143344191,6205668.11484582,-14.319270180930019,0.0,5.235285810816479,187.7827690216816,nan,10.923813955488585,5.417607367610433,0.0,-711.9717838649208,1.0001330993965094,1.0623554069865109,-534.2351421938832,6736190.668521425,0.0,-715.9635090465009,0
761,6754197.63758368,540335.8110066945,6213861.826576986,-14.540748413771038,0.0,5.098709531286562,163.81037867510395,nan,-23.972390346577594,5.281031088080517,0.0,-716.1136067330635,1.0,1.0296194887821117,-528.3308377113821,6744966.682895788,0.0,-727.0374206885518,0
762,6762594.992330402,541007.5993864322,6221587.39294397,-13.767214563343824,0.0,5.272397864580343,189.4821318765597,1.6865050753601818,25.671753201455815,5.454719421374297,9.611717793007351e-05,-704.1274115597747,1.0,1.0231303589419791,-540.317032884671,6753866.230526139,0.0,-680.1550212131974,0
763,6771700.675024695,541736.0540019756,6229964.621022719,-14.860974812801349,0.0,5.266876826924886,193.80971494683192,nan,4.32758307027224,5.449198383718841,0.0,-722.7775605266854,1.0000961171779301,1.0240464213459874,-527.8948555620518,6762231.216177068,0.0,-743.0487406400674,0
764,6780562.994643583,542445.0395714866,6238117.955072097,-14.469093255318212,0.0,5.237498305681046,188.19869738381018,nan,-5.611017563021828,5.419819862475,0.0,-719.1270796956388,1.0,0.9781368318810238,-525.3173647488071,6771349.893182004,0.0,-723.4546627659106,0
765,6789269.19892213,543141.5359137704,6246127.66300836,-14.214211067022122,0.0,5.182975628338935,178.21231641606593,nan,-9.98638096774421,5.3652971851328894,0.0,-716.3215709141284,1.0,0.9333702950546271,-528.1228735303176,6780222.579551839,0.0,-710.7105533511061,0
766,6797860.638415542,543828.8510732434,6254031.787342299,-14.02683998925023,0.0,5.24353258541902,189.3377742680402,nan,11.125457851974312,5.425854142212975,0.0,-711.3283804302558,1.0,0.9944942673311865,-533.1160640141899,6788909.054662225,0.0,-701.3419994625115,0
767,6806778.841363846,544542.3073091077,6262236.5340547385,-14.56033134416434,0.0,5.099751722069705,163.9811893351295,nan,-25.356584932910728,5.282073278863661,0.0,-716.891109356243,1.0,0.90516484828023,-527.5533350882026,6797488.461758992,0.0,-728.016567208217,0
768,6815126.828546561,545210.1462837249,6269916.682262836,-13.483702137494568,0.0,5.233144105665898,184.91457926380454,0.9027777605216618,20.93338992867513,5.4154656624598525,0.0007787739410957074,-704.2128168897875,1.0,1.028179641602501,-540.2316275546582,6806447.228449571,0.0,-678.8562319568767,0
769,6824176.144087193,545934.0915269754,6278242.052560218,-14.759986427671924,0.0,5.263522121408785,193.16062978055587,nan,8.246050516751207,5.445843678202738,0.0,-719.5323762523828,1.0007787739410956,0.9883739163543253,-532.1513521911163,6814768.996967655,0.0,-737.9993213835962,0
770,6833129.286159133,546650.3428927306,6286478.943266402,-14.652031731726916,0.0,5.049345968635123,152.06564440576574,1.349321682273215,-41.094985374790085,5.231667525429077,0.0001118924584129668,-718.8025371125005,1.0,0.9008567828939169,-525.6419073319449,6823799.193699862,0.0,-727.0485876292521,0
771,6841266.409445772,547301.3127556618,6293965.09669011,-13.287200707842405,4.2027440643591145,5.000836084097669,137.01178374320014,2.4445631110293924,-15.053860662565688,5.183157640891624,0.0007562104889744807,-702.4842795978905,1.000111892458413,0.9343285050453936,-546.5638253343161,6832813.641840085,0.0,-657.5344843652919,1
772,6849710.941388486,547976.8753110789,6301734.066077407,-13.771824447060288,0.0,4.924551994905335,137.6276699319734,nan,-4.586857875585726,5.10687355169929,0.0,-704.895276831402,1.000644740544709,0.9205818931562921,-553.2891338618722,6840952.113001925,0.0,-688.5912223530144,0
773,6858135.0302065825,548650.8024165266,6309484.227790056,-13.762891633709575,0.0,4.994896654974872,146.41688713896525,0.21575453469745565,8.78921720699184,5.177218211768827,0.00012672704360653858,-691.0360571882095,1.0,1.0294137668238865,-553.4083872562362,6849375.850778114,0.0,-686.4491993126238,0
774,6866767.911387802,549341.4329110242,6317426.478476778,-14.092748078471184,0.0,5.093249785022398,162.91845263264523,nan,16.501565493680015,5.275571341816352,0.0,-697.088984485384,1.0001267270436065,1.041293288025704,-549.4312995776017,6857782.927508299,0.0,-704.6374039235592,0
775,6875590.153309688,550047.2122647751,6325542.941044913,-14.40366028064451,0.0,5.10648642390958,165.08928089755887,nan,2.170828264913628,5.288807980703535,0.0,-703.6814485385456,1.0,1.011639165184258,-540.7629959059004,6866396.475235135,0.0,-720.1830140322255,0
776,6884250.1400236515,550740.0112018922,6333510.1288217595,-14.138753818718321,0.0,5.043908773471125,155.07498489754795,nan,-10.014296000010992,5.226230330265079,0.0,-704.7668626710025,1.0,0.9913382848538473,-539.6775817734432,6875230.397418005,0.0,-706.9376909359161,0
777,6892721.399553574,551417.7119642859,6341303.687589288,-13.8675679620344,1.8100677464482509,4.895166926356959,130.00933374645837,1.2900530914377775,-25.0656511510895,5.077488483150913,0.0012817938419742245,-699.7597146709969,1.0,0.8756332966703539,-544.6847297734489,6883898.457651831,0.0,-689.7454186709858,2
778,6900932.070572264,552074.5656457811,6348857.504926482,-13.399158766008108,0.0,4.891839340436559,133.1983459766616,nan,-0.6210555162450766,5.074160897230514,0.0,-698.4325765634476,1.0004,1.035298253464069,-556.6131750705407,6892380.38572122,0.0,-669.9579383004054,0
779,6909430.680928853,552754.4544743083,6356676.226454545,-13.265916607747046,0.0,5.064806562036989,153.39540280569906,1.6002771688275963,20.197056829037503,5.247128118830944,0.001405348052526679,-688.8213952105542,1.0,1.046495549934185,-555.6230492338921,6900602.985925137,0.0,-688.2003396943087,0
780,6918308.200836979,553464.6560669583,6364843.544770021,-14.463640560648384,0.0,5.049326860474509,155.91747493895613,nan,2.522072133257075,5.231648417268464,0.0,-707.9393766442369,1.0014053480525267,1.0886613911824001,-549.5895683976825,6909095.749412085,0.0,-723.1820280324192,0
781,6926999.851777356,554159.9881421885,6372839.8636351675,-14.054215170920369,0.0,5.127378842443966,161.89141907902916,1.8996056794002516,5.973944140072958,5.30970039923792,0.00039976877384069546,-700.1809596917009,1.0,0.9868277610600908,-544.263484752745,6917983.317438284,0.0,-702.7030318249575,0
782,6935705.372951237,554856.4298360989,6380848.9431151375,-14.213298180339201,0.0,5.076352896409219,159.39036680302618,-0.2251487511908847,-2.501052276002927,5.258674453203174,0.00013858314578763724,-711.1290481548435,1.0003997687738406,0.9480989036677558,-542.5543704997194,6926681.627387047,0.0,-710.4197337188215,0
783,6944280.082069617,555542.4065655693,6388737.675504047,-13.997429219495377,0.0,5.125424186649153,168.24549400975576,nan,8.85512720672949,5.307745743443107,0.0,-703.1709106981265,1.0001385831457876,1.0363279448888276,-542.9821464477454,6935369.401151865,0.0,-699.8714609747689,0
784,6953041.283250937,556243.302660075,6396797.980590862,-14.304001928676605,0.0,5.158301432864924,173.8688766861057,nan,5.623382676349878,5.340622989658878,0.0,-706.3449692271007,1.0,0.8863301933262174,-538.0994752173452,6943932.062848576,0.0,-715.2000964338303,0
785,6961797.338780645,556943.7871024517,6404853.551678194,-14.295600864832508,0.0,5.213005206531438,183.64512126771103,nan,9.77624458160538,5.395326763325392,0.0,-709.1566605652756,1.0,1.0188708237130162,-535.2877838791703,6952682.99651949,0.0,-714.7800432416254,0
786,6970753.431577679,557660.2745262143,6413093.157051465,-14.505730180442505,0.0,5.358184534259571,205.16697544141803,1.970202194381095,21.521854173707094,5.540506091053526,0.0003591339727950444,-714.0447828560784,1.0,0.9930114650679289,-530.3996615883673,6961424.22197811,0.0,-723.821027437684,0
787,6979921.434354926,558393.7147483941,6421527.719606533,-14.953123367268725,0.0,5.388172248807685,218.80310222524903,nan,13.636126783830989,5.570493805601639,0.0,-733.3064406951581,1.000359133972795,0.9506669750400857,-520.9673387483112,6970366.715940727,0.0,-747.6561683634362,0
788,6989053.965987402,559124.3172789922,6429929.64870841,-14.950630426798103,1.9783603147077562,5.461063211373832,233.07589432589143,0.8204937709508309,14.27279210064244,5.643384768167787,0.00024171584818758908,-731.6237733348474,1.0,0.983324527987031,-512.8206711095982,6979545.687318231,0.0,-745.2599001186785,1
789,6998353.931630398,559868.3145304319,6438485.617099966,-15.180608172648475,0.0,5.648789170309174,283.9474455932385,nan,47.89319095263922,5.831110727103129,0.0,-744.8996763399083,1.0002,1.0373128894224217,-504.84542169930864,6988639.5557732,0.0,-759.0304086324237,0
790,7008302.023546051,560664.1618836841,6447637.861662367,-16.24178271942963,0.0,5.695845767133532,297.62841149447803,nan,13.680965901239622,5.878167323927488,0.0,-764.1959450188423,1.0,1.037756409327604,-480.24849942560365,6997908.168984958,0.0,-812.0891359714814,0
791,7017914.811620972,561433.1849296778,6456481.626691295,-15.694347877414033,0.0,5.787140068768374,326.0791256939595,nan,28.45071419948136,5.969461625562329,0.0,-771.0364279694618,1.0,1.009720578206362,-473.40801647498364,7007850.962931729,0.0,-784.7173938707017,0
792,7027882.789737012,562230.623178961,6465652.1665580515,-16.274249985373686,0.0,5.79555127287372,328.83341096403944,nan,2.754285270080135,5.977872829667675,0.0,-785.2617850692029,1.0,1.0540013990925896,-459.18265937524325,7017459.392844436,0.0,-813.7124992686843,0
793,7037565.650273938,563005.252021915,6474560.398252022,-15.82091761767375,0.0,5.32922485516686,205.22146923326633,0.05500660870840772,-123.61194173077324,5.511546411960815,8.715694135279104e-05,-786.6389277042427,1.0,0.9351201239276122,-457.805516740203,7027457.932344351,0.0,-789.393212974323,0
794,7045572.04357337,563645.7634858696,6481926.280087501,-33.5020838950858,1.069043409456837,5.7660788372526435,245.7407496031107,4.297864332851722,40.519280369844374,5.948400394046598,0.05196076671039047,-726.1720544950363,1.0000871569413528,1.0171086806048404,-519.8940376647022,7037196.580522051,0.0,-601.5035651671953,1
795,7055340.962757021,564427.2770205617,6490913.68573646,-15.95827481539392,0.0,5.3442940127762455,197.6016096339923,2.4688096171937444,-50.208183378575214,5.5266155695701995,0.00012051486504956181,-819.6529066681416,1.0013848794385465,1.0342256859342691,-503.78531049005716,7045165.344931455,0.0,-793.2207865907279,0
796,7063507.344351086,565080.5875480869,6498426.7568029985,-31.6189197001779,43.655409572938844,5.316978246075273,147.03934947243465,4.038265569681135,-50.56226016155759,5.499299802869228,0.0434247258627775,-733.4204038949424,1.0001205148650496,0.9746775267923085,-524.0104122738167,7055033.986259795,0.0,-671.4038385292336,1
797,7072232.09824943,565778.5678599544,6506453.530389476,-14.241486956887423,0.0,5.366417983929162,214.09460225025126,nan,22.39984320487768,5.548739540723118,0.0,-722.7199285422957,1.0002,1.125182117209204,-527.0251694969219,7063191.544260037,0.0,-712.0743478443711,0
798,7081456.718412171,566516.5374729737,6514940.180939198,-15.07302489453102,0.0,5.32262261143447,203.547333638242,0.31719574817016477,-10.547268612009319,5.504944168228425,0.00011136394005616455,-729.2695233473484,1.0,1.0066356190676806,-515.1749210970971,7071900.314563462,0.0,-751.669366552226,0
799,7090286.95915405,567222.956732324,6523064.002421726,-14.477339364677258,0.0,5.398469039691411,214.09899649932458,1.941430789942227,10.551662861082558,5.580790596485365,0.000168002998475892,-725.7471515933071,1.000111363940056,0.9921520979677851,-520.8265465940918,7081113.324090055,0.0,-713.8266116203248,0
800,7099362.03520594,567948.9628164752,6531413.072389465,-14.809707378449398,0.0,5.259037121131418,192.29624413628324,nan,-21.802752363041403,5.441358677925372,0.0,-736.9024206691608,1.0001680029984759,1.056537387522823,-515.8347095620634,7089952.850328491,0.0,-740.4853689224699,0
801,7108027.823831816,568642.2259065453,6539385.597925271,-14.202740966818057,2.6712173041231377,5.272675570244868,181.36737609755568,2.607821415091578,-10.92886803872739,5.454997127038823,0.0006688903987060377,-718.3703442903641,1.0,0.946081177713544,-526.0741001540811,7099026.07524909,0.0,-696.5675919273232,1
802,7116741.762824188,569339.341025935,6547402.421798253,-14.223829967532042,0.0,5.2230172089217985,185.4930117668193,nan,0.4544183651404524,5.4053387657157534,0.0,-719.3918457204484,1.0002,1.0061154692462837,-530.3532523187689,7107698.1244454095,0.0,-711.1914983766021,0
803,7125505.696368451,570040.4557094761,6555465.240658975,-14.308462929415457,0.0,5.1902550235396925,179.51432747400943,nan,-5.978684292809863,5.372576580333647,0.0,-714.9687281056321,1.0,1.059181981945508,-529.4757163388131,7116419.348504921,0.0,-715.4231464707728,0
804,7134206.355779401,570736.5084623521,6563469.847317049,-14.323543666695603,5.800886792363775,5.165248659229597,164.9045069948896,2.3200793392395895,-14.609820479119794,5.347570216023553,0.0035272213132337615,-711.9793859592274,1.0,0.9836189804004284,-532.4650584852179,7125164.511813841,0.0,-706.0007016664177,1
805,7142789.242302735,571423.1393842188,6571366.102918517,-14.009866752781997,0.0,5.203987355198139,181.99648163209292,nan,10.291087844839492,5.386308911992093,0.0,-712.7252459132355,1.0002,1.0538701407953535,-537.0198521259815,7133877.459150923,0.0,-700.4933376390999,0
806,7151659.881717518,572132.7905374015,6579527.091180117,-14.372960013623196,0.0,5.105965521095551,164.49074550690915,-0.6683329882053632,-17.50573612518376,5.288287077889506,0.002297740069700115,-713.2204630382696,1.0,1.023437892634195,-531.2239814061766,7142458.993580813,0.0,-723.511550883109,0
807,7160214.425342302,572817.1540273841,6587397.271314918,-13.833037499818076,0.0,5.105474811324529,162.70300222504494,0.7972173893487228,-1.7877432818642247,5.287796368118484,0.0005290267199384006,-711.1019550210266,1.0022977400697002,0.9909076381245098,-546.0986472007002,7151343.402651165,0.0,-693.0836565824256,0
808,7168839.080831375,573507.12646651,6595331.954364865,-14.069701075070029,0.0,4.938608798627575,139.57593619284265,nan,-23.127066032202357,5.120930355421529,0.0,-707.492153758074,1.0005290267199385,0.9794593057546634,-542.5697948103207,7159898.185750507,0.0,-703.4850537535015,0
809,7177182.544936049,574174.6035948839,6603007.9413411645,-13.743217656274583,5.940536782985237,5.001870575783817,130.41327845149362,2.9056849396503264,-9.162657741348918,5.184192132577771,0.002173402505332103,-692.0101903186445,1.0,0.9341662036236454,-552.4342541258013,7168479.841310498,0.0,-668.8831242864419,1
810,7185637.001807998,574850.9601446398,6610786.041663358,-13.800185689290833,0.0,4.891925498269613,133.20982255190856,nan,-4.14399268257034,5.074247055063568,0.0,-695.5494566368476,1.0002,0.9293533461971579,-554.195641402369,7176849.334221312,0.0,-690.0092844645417,0
811,7194024.370282987,575521.949622639,6618502.420660349,-13.693662816312132,0.0,5.06545425061339,158.45240282951391,nan,25.242580277605335,5.247775807407345,0.0,-688.8271334981769,1.0,1.0373675075836812,-555.6173109462686,7185325.627810344,0.0,-684.6831408156066,0
812,7202926.33508094,576234.1068064752,6626692.228274465,-14.5338200782917,0.0,5.071821279388818,159.46449242054575,nan,1.0120895910319245,5.254142836182773,0.0,-701.4484236369799,1.0,0.9517175149357611,-542.996020807466,7193669.678708307,0.0,-726.691003914585,0
813,7211540.025924833,576923.2020739866,6634616.823850846,-14.109878477185148,2.2887778704904296,5.197549184751405,178.30115522585513,0.9271775886954634,18.836662805309317,5.37987074154536,0.0003246144341964037,-701.9544684324959,1.0,1.0946959694647145,-542.4899760119501,7202599.056962365,0.0,-702.9665580235275,1
814,7220562.15785606,577644.9726284848,6642917.185227576,-14.727002112607048,0.0,5.308914227796126,202.1306413670306,nan,20.540708270684963,5.4912357845900805,0.0,-717.6675155677813,1.0002,1.085619031038631,-532.0775824714356,7211185.032999264,0.0,-736.3501056303523,0
815,7229679.071036886,578374.3256829509,6651304.745353935,-14.892380719155954,0.0,5.409827743168992,223.17588492066244,-0.8742278860945181,21.045243553631863,5.592149299962947,2.0894011061593295e-05,-723.2875429057385,1.0,1.0550114780061572,-521.1569015387075,7220192.646118675,0.0,-743.8282511764228,0
816,7238958.041768816,579116.6433415053,6659841.398427311,-15.110738936808689,0.0,5.431755006466088,226.0592768585245,0.9125732414990487,2.883391937862031,5.614076563260042,0.00035093045964335534,-734.297794002522,1.0000208940110615,0.9571167821579821,-510.70472507292897,7229303.453987004,0.0,-754.9258535472231,0
817,7248018.40143726,579841.4721149808,6668176.929322279,-14.785648620821293,0.0,5.4480977584303005,232.31582450227538,nan,6.256547643750922,5.630419315224255,0.0,-738.8897626305475,1.0003509304596434,1.0360804793012848,-510.33976224467875,7238600.761848559,0.0,-739.2824310410647,0
818,7257140.496352558,580571.2397082046,6676569.256644353,-15.079764323556159,9.14085863018773,5.40857350683559,213.96127211255452,2.2355404005052146,-18.35455238972083,5.590895063629545,0.00023742954578959087,-738.380134473361,1.0,0.9760569441940606,-506.06430997108527,7247679.051360794,0.0,-744.6366821171113,1
819,7266190.479270217,581295.2383416174,6684895.2409286,-14.281032753466942,0.0,5.39996479702997,216.85364047419054,1.514023702043689,-7.2484902685517145,5.582286353823925,0.0012596556414074583,-738.9236143909795,1.0002,1.007213125714365,-510.82148364823723,7256827.910673064,0.0,-733.5872334819571,0
820,7275177.352162016,582014.1881729612,6693163.163989054,-14.631947860852447,0.09030864991564957,5.296063419102011,195.2308055166443,1.4630036670051019,-21.622834957546292,5.478384975895966,0.0003140371939407742,-739.102749876272,1.0012596556414075,0.9992314703919385,-517.7041276983321,7265874.758284001,0.0,-727.309277903971,1
821,7283860.920824294,582708.8736659435,6701152.04715835,-14.162446282045618,0.0,5.3620992729445325,205.70220794815378,2.010864916770567,9.38109378159391,5.544420829738487,0.00020616073241231842,-729.7296080503529,1.0004015564731352,1.0072542290325848,-525.4511493930996,7274886.2483211,0.0,-700.8826352478849,0
822,7292874.204474747,583429.9363579798,6709444.2681167675,-14.705525975923493,0.0,5.455286430027754,233.99188377355014,nan,28.289675825396404,5.637607986821709,0.0,-733.3649803026252,1.0002061607324124,0.9998357682759063,-520.1929970664269,7283558.741520603,0.0,-735.2762987961746,0
823,7302276.175513947,584182.0940411158,6718094.081472832,-15.350156798687893,0.0,5.327117513080348,205.8437761914331,nan,-28.148107582117117,5.509439069874302,0.0,-739.2181641089979,1.0,1.0312189883731482,-505.2262803354477,7292556.117968834,0.0,-767.5078399343946,0
824,7310932.592298227,584874.6073838582,6726057.984914369,-12.323027419176109,0.0,5.34410585076157,201.53022489591376,2.059285698842929,-4.313551295519487,5.526427407555524,0.002462266406227441,-725.1441103179394,1.0,0.9920015845846353,-519.3003341265062,7301980.729489219,0.0,-696.9960027358225,0
825,7319880.724323138,585590.457945851,6734290.266377287,-14.511666366988718,0.0,5.127586342986701,168.609660621596,nan,-32.9205642743176,5.309907899780656,0.0,-737.7372370710932,1.0024622664062275,0.9354139153324068,-528.366644749042,7310629.468702244,0.0,-725.5833183494359,0
826,7328313.927291239,586265.1141832991,6742048.813107939,-13.377807852478416,0.0,5.175931019507933,162.53373497851945,2.6691400612906606,-6.075925643076544,5.358252576301888,0.00046537621887159667,-706.5270525330208,1.0,1.0038604856480267,-537.917391911425,7319550.792363369,0.0,-673.6064882587032,0
827,7336931.364460898,586954.5091568718,6749976.855304026,-13.943261290803871,0.0,5.208163729557949,179.89905365243789,1.0505078804022006,17.365318673918328,5.390485286351903,0.0005449220081279877,-719.7382818442691,1.0004653762188715,1.0686331441252284,-542.7769898238078,7327986.198030601,0.0,-699.2347991592507,0
828,7345896.179903842,587671.6943923073,6758224.485511534,-14.626030447554513,0.1098613766379608,5.170167451348782,175.94429712733233,nan,-3.954756525105468,5.352489008142736,0.0,-716.7953065354866,1.000544922008128,0.9565667415645096,-534.0371500513697,7336609.455670238,0.0,-731.3015223777256,1
829,7354601.773065556,588368.1418452444,6766233.631220311,-14.21020412156679,0.0,5.359837343226004,212.69034810991224,nan,35.636189605941816,5.542158900019958,0.0,-715.3996282715935,1.0002,1.016676828159802,-534.3454697676233,7345605.053019462,0.0,-710.5102060783395,0
830,7363963.26699262,589117.0613594096,6774846.205633211,-15.284071717662414,0.0,5.230260713708728,186.8415093135957,nan,-25.848838796316354,5.412582270502683,0.0,-728.567396277179,1.0,0.8858686754557409,-515.8770481672667,7354294.940201266,0.0,-764.2035858831207,0
831,7372419.957390099,589793.5965912079,6782626.360798891,-13.81666025302099,0.0,5.0320776382451875,152.6933285057374,-0.5838373303933763,-34.14818080785832,5.2143991950391415,5.594625804351769e-05,-715.6429768790207,1.0,0.9590066851801828,-528.801467565425,7363673.228777416,0.0,-689.7941380827043,0
832,7380689.237109828,590455.1389687862,6790234.098141042,-13.602470260747008,3.396033399898151,5.036802096173344,140.0673188030201,2.632572417962233,-12.62600970271734,5.219123652967299,0.00112626522860727,-699.3099446301608,1.0000559462580436,0.9531895912185145,-546.0588621558644,7372109.271195238,0.0,-664.6040098537435,1
833,7389114.741166785,591129.1792933429,6797985.5618734425,-13.749273871077767,0.0,5.165892481124559,175.19374593104905,nan,30.73039372813089,5.348214037918515,0.0,-708.9302039604227,1.0003650517412104,1.0693666733073124,-551.2532413559411,7380374.065054373,0.0,-687.4636935538883,0
834,7398186.4724060055,591854.9177924804,6806331.554613525,-14.81098977831757,0.0,4.946415300694364,140.66980009748792,nan,-34.52394583356128,5.1287368574883185,0.0,-709.8190951877472,1.0,0.8600230653972901,-534.6253492566983,7388772.506612762,0.0,-740.5494889158784,0
835,7406250.655772126,592500.0524617701,6813750.603310356,-13.214374149245755,2.369664023697032,4.950054220627014,138.4970876991793,0.9878784830362933,-2.172712398308495,5.132375777420969,0.0001543948881901875,-692.5571222709666,1.0,1.0544172085271886,-551.8873221734789,7397866.128626493,0.0,-658.0331764374054,1
836,7414904.230617041,593192.3384493632,6821711.892167677,-11.502125608412516,0.0,5.049028036150514,149.71188655554704,1.8179149803773909,7.84513483267072,5.231349592944469,0.004373869479937533,-697.8059248810465,1.0002,0.9715433359402716,-551.9391731581705,7405894.463408489,0.0,-697.4816588111631,0
837,7423788.853899743,593903.1083119794,6829885.745587764,-14.311226908825564,0.7405773887527527,5.004069951883798,149.0184243838391,nan,-0.6934621717080067,5.186391508677753,0.0,-713.8752140186771,1.0043738694799376,1.0020780972775685,-558.0043240530603,7414526.944902084,0.0,-715.5613454412781,1
838,7432401.045086954,594592.0836069563,6837808.961479997,-14.0577111019669,0.0,5.1671841117360495,175.42017773788183,nan,24.66117596528996,5.3495056685300035,0.0,-702.2520499059043,1.0002,1.104241416249355,-547.4930481333128,7423436.11019306,0.0,-702.885555098345,0
839,7441399.815303403,595311.9852242722,6846087.830079131,-14.691869741129072,0.0,5.185961450208815,178.74522183231596,nan,3.325044094434106,5.368283007002769,0.0,-709.9323110911636,1.0,0.9498547545256136,-534.512133353282,7432037.360533524,0.0,-734.5934870564536,0
840,7450157.583799507,596012.6067039606,6854144.977095546,-14.298397544656297,0.0,5.2200365121049215,184.94093653028835,nan,6.19571469797242,5.402358068898876,0.0,-711.5948331383809,1.0,0.982354342591165,-532.849611306065,7441035.352914776,0.0,-714.9198772328148,0
841,7458988.466763025,596719.077341042,6862269.389421983,-14.417768103706797,0.0,5.200782892948748,181.4142142024344,nan,-3.5267223278539728,5.383104449742702,0.0,-714.6926904873668,1.0,0.902530458164807,-529.7517539570786,7449774.173123255,0.0,-720.8884051853398,0
842,7467678.648698723,597414.2918958978,6870264.356802825,-14.188052139911719,0.0,5.049722333909062,155.97914835257163,nan,-25.435065849862756,5.232043890703016,0.0,-712.9293293234399,1.0,1.0201602348559637,-531.5151151210055,7458603.365098189,0.0,-709.4026069955859,0
843,7476019.549263911,598081.563941113,6877937.985322799,-13.663474239371268,2.2381925145932238,5.122447894973028,159.34850937327627,2.127872286494114,3.3693610207046008,5.304769451766983,0.003991099686787613,-700.2117963985085,1.0,1.0569199584983882,-544.2326480459369,7467324.57595086,0.0,-674.7767305486462,1
844,7484772.82319768,598781.8258558144,6885990.997341866,-14.325867473826033,0.0,5.15385561025775,168.851509903399,1.4459991117708313,6.264808015529631,5.336177167051705,0.0001127177486773492,-708.1658999635432,1.0002,0.9393714117734986,-541.579198075674,7475670.949556883,0.0,-710.1942388501925,0
845,7493513.686455223,599481.0949164178,6894032.591538805,-14.266871424991598,0.0,5.1688076573930966,175.7052117258431,nan,6.853701822443898,5.351129214187051,0.0,-711.3248555791417,1.0001127177486773,1.0161738263949702,-538.2272533306511,7484415.988991237,0.0,-713.3435712495799,0
846,7502296.060946592,600183.6848757274,6902112.3760708645,-14.338570598151763,0.0,5.212550839489538,183.56169793104377,nan,7.85648620520076,5.394872396283493,0.0,-710.0748280851446,1.0,1.0289568210897213,-534.3696163593013,7493142.254646186,0.0,-716.9285299075882,0
847,7511144.870024957,600891.5896019966,6910253.28042296,-14.45667466031655,0.47233208583704156,5.0897562854816165,161.376114485911,-0.026163680626506543,-22.18558344513277,5.2720778422755705,0.0003700250088942923,-714.0030711877447,1.0,0.8448190611489578,-530.4413732567008,7501900.485447181,0.0,-721.8595573929454,1
848,7519514.811480191,601561.1849184153,6917953.626561776,-13.662201335477656,0.0,5.16524155412759,175.07974469938722,nan,12.231298127639246,5.347563110921545,0.0,-708.2967723054826,1.0002,1.0029180121119237,-541.4483257337344,7510776.211808326,0.0,-683.1100667738827,0
849,7528359.230540757,602268.7384432605,6926090.492097497,-14.439867853991107,0.0,5.133977054552572,169.69064678617895,nan,-5.389097913208351,5.316298611346526,0.0,-709.7620945719165,1.0,0.9925804167838993,-534.6823498725294,7519116.803328449,0.0,-721.9933926995553,0
850,7536954.791525104,602956.3833220083,6933998.408203096,-14.03356895404208,0.0,5.0469171573349305,155.54221242729227,nan,-14.148434358886597,5.229238714128885,0.0,-707.0675456153119,1.0,0.9878756971031987,-537.3768988291334,7527978.824928741,0.0,-701.678447702104,0
851,7545356.391477546,603628.5113182036,6941727.880159342,-13.716897881539651,0.0,5.025936070672325,152.31276491536624,nan,-3.22944751192608,5.208257627466279,0.0,-699.9933284358688,1.0,0.932907845185854,-544.451116008577,7536581.328809224,0.0,-685.8448940769825,0
852,7553871.968652855,604309.7574922284,6949562.211160626,-13.9029831433596,0.0,5.054262695542076,156.68896027532182,nan,4.376195359955607,5.236584252336031,0.0,-698.3786046799058,1.0,1.074291998090763,-546.0658397645399,7544954.478887047,0.0,-695.14915716798,0
853,7562568.193153124,605005.45545225,6957562.737700874,-14.232972735964069,1.056885396419327,5.132875009400882,163.45882260408663,1.7992183217990017,6.769862328764671,5.315196566194835,0.0012019503558582869,-700.5667023598841,1.0,1.0478398569706644,-543.8777420845619,7553494.348715784,0.0,-704.9428977198393,1
854,7571324.034481513,605705.922758521,6965618.111722993,-14.290989698344283,0.0,5.170422538453653,175.9891839734895,nan,10.47347597298365,5.352744095247607,0.0,-710.7484065410307,1.0002563998171112,1.0300688026615827,-540.3123394846302,7562197.877303644,0.0,-714.5494849172142,0
855,7580152.490536241,606412.1992428993,6973740.291293342,-14.413805803639029,0.0,5.139905586383698,170.69965118912623,nan,-5.289532784363282,5.322227143177653,0.0,-710.2168142089677,1.0,0.9453884093109801,-534.2276302354778,7570966.026368977,0.0,-720.6902901819515,0
856,7588844.066417373,607107.5253133898,6981736.541103983,-13.786989232000197,0.0,5.375992451711944,209.32374389813702,1.921404419997353,38.624092709010824,5.558314008505899,0.0007786829314463716,-707.5720478167858,1.0,1.1280419878229468,-536.8723966276598,7579797.378076183,0.0,-702.2825150324225,0
857,7598271.122084401,607861.6897667521,6990409.432317648,-15.362591515039833,0.0,5.578479413735177,264.6688478349824,nan,55.34510393684547,5.760800970529132,0.0,-736.3360277327109,1.0007786829314465,1.1589782346792978,-520.1817391448436,7588456.197708466,0.0,-768.1295757519916,0
858,7608192.41852284,608655.3934818272,6999537.025041013,-16.198035001531192,0.0,5.307254339880745,201.795405462082,nan,-62.87344237290064,5.489575896674699,0.0,-754.5566461397145,1.0,0.8853956431595229,-489.8877983047317,7597858.461402453,0.0,-809.9017500765597,0
859,7616297.7984137,609303.823873096,7006993.974540604,-13.31004893657141,3.7620066228292757,5.191632268925045,174.50576883493042,1.6593634790677045,-27.289636627151555,5.373953825718999,4.323774380516999e-05,-723.119924953264,1.0,1.0108442193256235,-521.3245194911817,7607841.43238689,0.0,-660.2464825803634,1
860,7625037.453033257,610002.9962426606,7015034.456790596,-14.265814664987081,0.0,5.096853947416901,163.50669661964946,nan,-15.761078838110116,5.279175504210856,0.0,-716.5064367484882,1.0002,0.9169564194400471,-533.2386612907286,7615951.908606329,0.0,-713.290733249354,0
861,7633468.08055651,610677.4464445208,7022790.634111989,-13.764289833878752,0.0,5.108156286298422,165.3651875775122,nan,1.8584909578627267,5.290477843092377,0.0,-703.9755705320475,1.0,0.9441523306697551,-540.4688739123982,7624696.124208496,0.0,-688.2144916939376,0
862,7642125.931066881,611370.0744853505,7030755.8565815305,-14.135266139376839,0.0,5.044537639366991,155.1725369372125,nan,-10.192650640299773,5.226859196160946,0.0,-704.9048160109792,1.0,0.8649429252358442,-539.5396284334668,7633126.241466317,0.0,-706.7633069688419,0
863,7650589.673750865,612047.1739000692,7038542.499850797,-13.828761233357016,0.5098857158606227,5.038657772526114,152.44059859290337,0.6000564255361914,-2.7319383443091256,5.220979329320068,0.0015910304794057642,-699.8084906908291,1.0,0.9119124875720059,-544.6359537536166,7641833.902681593,0.0,-689.6158400505292,1
864,7659140.238192491,612731.2190553993,7046409.019137092,-13.957096007137066,0.0,5.027738584647702,152.5875583878903,nan,-1.362925920873643,5.210060141441657,0.0,-703.8477911739905,1.0002,1.0012079635665503,-545.8973068652264,7650333.865743084,0.0,-697.8548003568533,0
865,7667680.36336731,613414.4290693848,7054265.934297925,-13.94306150990589,0.0,4.989066396377875,146.79930713462218,nan,-5.788251253268158,5.17138795317183,0.0,-698.516001416168,1.0,0.9453304834982411,-545.9284430282778,7658865.079955939,0.0,-697.1530754952945,0
866,7676194.003501498,614095.5202801198,7062098.483221378,-13.95672085649032,2.788111232913323,5.040613902169586,146.5624553289694,2.0797437820318887,-0.2368518056528201,5.22293545896354,0.00020645177461957843,-695.6218757895338,1.0,0.9737707441704498,-548.822568654912,7667367.638410124,0.0,-689.8336245362658,1
867,7684880.36593671,614790.4292749368,7070089.936661772,-14.187191300323972,0.0,4.971777268211853,143.6857826171293,-0.5153244537206084,-6.664783944753395,5.154098825005808,6.243923437268175e-05,-702.0478323005494,1.0002,1.0197992250059087,-547.6972657386672,7675852.512228862,0.0,-708.351428372042,0
868,7693304.1523900535,615464.3321912043,7077839.820198849,-13.75217936523966,0.0,4.98787823254495,146.62498908689375,nan,2.939206469764482,5.170199789338904,0.0,-694.8710589715097,1.0000624392343727,0.9767259638568979,-550.5879695896073,7684524.09643848,0.0,-687.608968261983,0
869,7701879.179454453,616150.3343563563,7085728.845098097,-14.011192989682915,0.0,4.894190117765666,131.97239904852805,0.43141540491644637,-14.652590038365709,5.076511674559621,0.0001290270292548943,-695.5347167656696,1.0,0.9355976034195108,-548.9097276787761,7692934.185295273,0.0,-698.4739232354347,0
870,7710164.298405159,616813.1438724127,7093351.154532746,-13.584357904716448,1.3098298304209355,5.061953635908148,154.2560857719791,1.2926993530033635,22.283686723451012,5.244275192702103,0.0008216273973622221,-690.1724374641423,1.0001290270292549,1.0658710576300203,-556.6606035096336,7701551.304865531,0.0,-673.9804125197962,1
871,7719052.628853278,617524.2103082623,7101528.418545016,-14.506710009523706,0.0,5.12261162253558,167.7729576020055,nan,11.207041999605543,5.3049331793295345,0.0,-707.622407887952,1.0002579908015732,0.9684816753526447,-544.8103325190536,7709806.055122475,0.0,-725.3355004761853,0
872,7727839.746705306,618227.1797364245,7109612.5669688815,-14.346314860456621,0.0,5.192198666185638,179.86357847606837,nan,12.090620874062918,5.3745202229795925,0.0,-706.1087010232253,1.0,1.0204865258401097,-538.3357434212202,7718705.456701417,0.0,-717.315743022831,0
873,7736711.743451404,618936.9394761124,7117774.803975292,-14.4848926466864,0.0,5.321158252033029,204.62074718812113,nan,24.757168712052664,5.503479808826984,0.0,-712.1540114602569,1.0,0.9362704615598582,-532.2904329841886,7727505.815125275,0.0,-724.24463233432,0
874,7745890.543066879,619671.2434453503,7126219.299621528,-14.985795290566726,0.0,5.180689675094476,177.80539667010825,nan,-26.81535051801287,5.363011231888431,0.0,-724.5325958162832,1.0,0.9118775187138852,-519.9118486281621,7736374.158353058,0.0,-749.2897645283363,0
875,7754539.8169821575,620363.1853585726,7134176.631623585,-12.93051756813074,0.0,5.322469063663367,184.32628156168943,3.023486572490815,6.520884891581191,5.504790620457322,0.0007674945046834711,-711.1249205572768,1.0,0.9850518161507995,-533.3195238871687,7745557.957616182,0.0,-684.3095700392639,0
876,7763445.819900499,621075.6655920399,7142370.154308459,-14.480860057731325,0.0,5.121429270411891,167.57470811273504,nan,-16.751573448954396,5.303750827205846,0.0,-738.0849787459347,1.0007674945046834,1.0394199274237437,-533.1958364332958,7754201.547258089,0.0,-724.0430028865662,0
877,7772096.650114718,621767.7320091774,7150328.918105541,-12.406046022217186,0.0,5.3401502223630715,193.32957558361926,2.722246313143328,25.75486747088422,5.522471779157026,0.0017137354442328006,-706.0095762785903,1.0,1.0799832975621138,-538.4348681658554,7763119.592653316,0.0,-689.258002829636,0
878,7781347.922692073,622507.8338153658,7158840.088876707,-15.054940466884226,2.071715193767307,5.270744079750813,191.50535211159846,1.1168860182823048,-1.824223472020819,5.453065636544767,0.0007642248381875671,-739.7532019662661,1.0017137354442327,1.0714909148998,-531.2091660522542,7771744.326389549,0.0,-750.2936091067578,1
879,7790205.971880726,623216.477750458,7166989.494130268,-14.457173956501936,0.0,5.198724117200425,180.85257990299056,-1.668512357231006,-13.724487402375173,5.38104567399438,2.620370764980081e-05,-726.11278416578,1.0005374935369054,0.9590363213504465,-526.66016892735,7781019.616650374,0.0,-722.5063437619156,0
880,7798803.865715189,623904.3092572151,7174899.556457974,-13.540432168782623,0.0,5.138867774972646,168.17589588761635,0.8530071669904685,-12.67668401537432,5.3211893317666,0.002274003973483641,-712.9231845990723,1.0000262037076497,0.9541984540833222,-531.8820773776505,7789884.4878340345,0.0,-699.0101698782659,0
881,7807436.737863987,624594.939029119,7182841.798834868,-13.978689256287405,0.0,4.950381560779066,139.64566090650055,0.4594355597932502,-28.530234981115715,5.132703117573021,0.0005102140141011293,-714.8302831614252,1.0022740039734837,0.9358141491053992,-544.3076941237125,7798458.429547047,0.0,-699.8069059959544,0
882,7815635.749216621,625250.8599373297,7190384.889279291,-12.966388205703577,0.0,5.027104862747155,149.33421068982608,1.149520922829841,9.688549783325497,5.209426419541109,0.00146718607238827,-695.2766513984499,1.0005102140141011,1.006180966154466,-554.0478103697127,7807107.8477795925,0.0,-665.1632362950975,0
883,7824362.12585963,625948.9700687705,7198413.15579086,-14.21566283205436,0.012460807626078929,5.055129459668978,156.82483152082432,nan,7.490620830998285,5.237451016462933,0.0,-704.2512720733279,1.0014671860723883,1.0418044415051235,-551.7603811295663,7815283.7458397485,0.0,-710.7831416027179,1
884,7833057.741122367,626644.6192897893,7206413.1218325775,-14.193913674257862,0.0,5.132052441880523,169.3643720939635,nan,11.52707976551306,5.314373998674478,0.0,-705.7911951838337,1.0002,1.0569677836001288,-543.9539028553831,7824002.955490468,0.0,-709.6956837128931,0
885,7841858.526850793,627348.6821480634,7214509.844702729,-14.36862976069436,0.0,5.155915196834827,173.4544791298704,nan,4.090107035906887,5.338236753628781,0.0,-706.9044082692047,1.0,1.0729439290207117,-537.5400361752411,7832703.91415782,0.0,-718.431488034718,0
886,7850643.501211677,628051.4800969341,7222592.021114742,-14.454306086301706,5.463049358466439,5.220230475027568,175.3010762019474,2.2696212558735813,1.846597072076957,5.402552031821522,0.005309900441701373,-708.9494617871579,1.0,1.0559545423039907,-535.4949826572876,7841483.3437545085,0.0,-713.0395688230648,1
887,7859486.047652351,628758.883812188,7230727.163840163,-14.432858434566066,0.0,5.255815299436624,191.41727372223923,-1.3454474233489684,9.65314816182537,5.438136856230578,0.00023548146701953893,-717.7546117998157,1.0002,1.0231869676010417,-531.9904862394014,7850274.880269269,0.0,-721.4286995451539,0
888,7868410.266184482,629472.8212947586,7238937.444889723,-14.566758276058827,0.0,5.156711957103776,173.5927358387245,nan,-17.824537883514633,5.339033513897731,0.0,-718.9451888035021,1.0002354814670196,0.9831983884368376,-527.267491918877,7859127.416080747,0.0,-728.3379138029413,0
889,7876877.393324641,630150.1914659713,7246727.2018586695,-13.823881045161407,0.0,5.255946059938172,191.70276239515908,nan,18.110026556434526,5.438267616732127,0.0,-709.0185901415849,1.0,1.104355074245522,-535.4258543028607,7868080.4392255,0.0,-691.1940522580703,0
890,7885895.642791849,630871.6514233479,7255023.9913685005,-14.723672599524736,0.0,5.196285235960156,180.60010745292712,nan,-11.10265494223189,5.378606792754111,0.0,-718.0736034198021,1.0,1.0890357898269931,-526.3708410246434,7876513.614675686,0.0,-736.1836299762368,0
891,7894527.7463963395,631562.2197117072,7262965.5266846325,-14.158710762139263,2.9629432823137325,5.34817600443017,203.9541779970796,1.8358276128335287,23.35407054415243,5.5304975612241245,0.0007681738465019508,-712.522275948686,1.0,1.0382286119498108,-531.9221684957595,7885539.91899899,0.0,-701.4196210064545,2
892,7903815.440806364,632305.2352645091,7271510.205541855,-15.156843062689811,0.0,5.4092818074683375,223.47103480526908,nan,14.553913525875696,5.5916033642622915,0.0,-736.5268352174332,1.000459718058704,1.026007638801638,-519.2595680801205,7894146.435857114,0.0,-757.8421531344906,0
893,7912984.708557464,633038.7766845971,7279945.931872867,-14.97023306301466,0.0,5.469637922817404,237.3742294072169,nan,13.903194601948009,5.651959479611359,0.0,-733.9577396248573,1.0,1.0851905274628244,-510.48670481958834,7903438.082980324,0.0,-748.511653150733,0
894,7922241.147244237,633779.291779539,7288461.855464699,-15.133694816866438,1.0359510843926052,5.393891895104382,218.18595509740783,0.6271191856630727,-19.188274309809174,5.576213451898337,0.0002632600922769939,-740.9093369258314,1.0,1.0048844353181412,-503.5351075186144,7912608.321049988,0.0,-754.8125315277789,1
895,7931022.626800807,634481.8101440646,7296540.816656742,-14.342479070058458,0.0,5.3656507761043715,213.4705231770094,-0.7767744459293697,-6.751383004791096,5.5479723328983255,2.1451410035772316e-05,-736.9835021105087,1.0002,1.0219643249088688,-512.7615959287085,7921880.850654395,0.0,-716.2535056033956,0
896,7939906.377801092,635192.5102240874,7304713.867577005,-14.481377110022695,0.0,5.362704779752914,210.43419493486206,1.053232867531613,-3.0363282421473983,5.545026336546869,0.00027552486951403914,-729.49583397479,1.0000214514100358,0.9848954806944762,-515.5654237858599,7930663.485779892,0.0,-722.2845639580785,0
897,7948796.702494506,635903.7361995605,7312892.966294945,-14.507115515668895,0.0,5.313610994947808,203.08223488101552,nan,-7.351960053846443,5.495932551741763,0.0,-731.2590085005507,1.000275524869514,0.9968918618570762,-517.95790909073,7939552.37912011,0.0,-725.3557757834448,0
898,7957583.605166951,636606.6884133561,7320976.916753595,-14.36046613178858,0.0,5.081645577260416,160.1375395419905,-0.10391675995790764,-42.944695339024975,5.263967134054371,0.00011330493599586209,-723.7633396627303,1.0,0.8813100753525467,-520.6811047817154,7948458.040693872,0.0,-716.4113796088843,0
899,7965678.602590032,637254.2882072026,7328424.31438283,-13.22330921182944,0.0,5.137805596731347,169.31744886257866,0.023824871411242222,9.179909320588202,5.320127153525302,0.00011804989458507378,-703.5677152960051,1.0001133049359958,1.0377534404839992,-542.5288754354395,7957274.1124923015,0.0,-659.7217196384048,0
900,7974456.399153893,637956.5119323115,7336499.887221581,-14.32910347378742,0.0,5.2040925590572105,182.0156293714885,nan,12.698180508909743,5.3864141158511645,0.0,-708.2993753198623,1.000118049894585,1.039130204661076,-537.9578155062046,7965351.258282182,0.0,-716.455173689371,0
901,7983349.019817253,638667.9215853802,7344681.098231873,-14.518564348337542,0.0,5.157930947163388,173.8044726844688,nan,-8.211156687019752,5.340252503957342,0.0,-713.2300369079669,1.0,1.0217657972241847,-531.2144075364786,7974117.961104602,0.0,-725.928217416877,0
902,7992026.617323348,639362.1293858679,7352664.48793748,-13.800992021883896,0.0,5.296167922895621,192.47508231736714,1.959459460033232,18.670609632898373,5.478489479689575,0.0007062142238363345,-709.1244585644573,1.0,1.0409729071024032,-535.3199858799883,7983002.40804039,0.0,-700.9133018774376,0
903,8001103.154499506,640088.2523599605,7361014.902139545,-14.79121100438655,0.0,5.16512588654017,175.05949481886174,nan,-17.415587498505428,5.347447443334125,0.0,-727.9854312185358,1.0007062142238363,1.0021626099480858,-528.4148582690622,7991669.268654576,0.0,-739.5605502193275,0
904,8009705.21554168,640776.4172433345,7368928.798298346,-13.128145722734146,0.0,5.270836180564456,185.62195031776332,2.192395934114797,10.562455498901686,5.45315773735841,0.0020831830577873445,-709.7519696316539,1.0,1.0035416510200985,-534.6924748127924,8000758.141915141,0.0,-692.3363821331483,0
905,8018710.143356445,641496.8114685157,7377213.33188793,-14.639223935052247,0.0,5.257116441136606,191.92725905166097,nan,6.30530873389756,5.43943799793056,0.0,-730.3553882171245,1.0020831830577874,0.981362035515313,-535.776790935947,8009338.2238015365,0.0,-731.9611967526123,0
906,8027585.16007234,642206.8128057872,7385378.347266553,-14.489823209639015,0.0,5.319742307149,204.33122051325373,nan,12.403961461592743,5.502063863942954,0.0,-718.1858517480533,1.0,1.0573969514468229,-526.2585926963923,8018337.969474954,0.0,-724.4911604819507,0
907,8036610.859548111,642928.8687638489,7393681.990784262,-14.735835878808848,0.0,5.353397592553786,211.32507602181443,nan,6.993855508560793,5.535719149347741,0.0,-724.3878324788496,1.0,1.0145621829298834,-520.0566119655962,8027223.059712826,0.0,-736.7917939404424,0
908,8045613.122590944,643649.0498072755,7401964.0727836685,-14.697572314833824,0.0,5.336259082796814,207.73413869799631,nan,-3.590937323817969,5.518580639590769,0.0,-727.8847602331301,1.0,1.0842494268555019,-516.5596842113157,8036264.136510865,0.0,-734.8786157416912,0
909,8054495.115429238,644359.6092343391,7410135.506194899,-14.529092727337023,0.0,5.18779857155469,176.48373476957252,0.9517217902442782,-31.250403928424006,5.370120128348644,9.45151147795354e-05,-726.0892915712213,1.0,0.9358284019943846,-518.3551528732245,8045260.041491347,0.0,-722.4983542474034,0
910,8062870.660408925,645029.652832714,7417841.007576211,-13.476797813613302,0.0,5.185607518796324,174.74584732510715,1.3701960133953268,-1.7378874444653174,5.367929075590278,0.0012154587684500195,-713.3736935721621,1.0000945151147795,1.0157770160547048,-534.2997932586592,8054191.1919062175,0.0,-679.5331240998077,0
911,8071604.168710689,645728.3334968551,7425875.835213834,-14.233230556511897,0.0,5.207958346358286,182.72062488348632,nan,7.9747775583792,5.3902799031522415,0.0,-717.3355374225881,1.00121545876845,0.942179029889924,-538.6535679449534,8062557.013687324,0.0,-711.6615278255948,0
912,8080443.245785405,646435.4596628324,7434007.786122573,-14.431146244446905,0.0,5.309313182150338,202.21129835468204,nan,19.49067347119564,5.491634738944291,0.0,-713.5825346639659,1.0,1.0069350294988448,-530.8619097804798,8071277.741246852,0.0,-721.5573122223452,0
913,8089542.772960073,647163.4218368059,7442379.351123268,-14.856370897415186,0.0,5.268731766992049,194.16955398924298,nan,-8.041744365438802,5.451053323786004,0.0,-723.3278713995643,1.0,0.9643950179655357,-521.1165730448819,8080104.276439032,0.0,-742.8185448707593,0
914,8098411.363177912,647872.909054233,7450538.45412368,-14.139429341767258,0.0,5.275794811648235,183.18444495445095,2.5145780603911922,-10.985109034792268,5.45811636844219,0.00046947094294272183,-719.3069992168442,1.0,1.0637422019070215,-525.1374452276011,8089211.494213347,0.0,-711.2652548514054,0
915,8107109.338796348,648568.7471037079,7458540.59169264,-14.198381956899196,0.0,5.184598583375354,173.64359847077597,1.5806645723343073,-9.54084648367496,5.3669201401693085,0.0002095086074890973,-727.8246401425451,1.0004694709429427,0.8940059404157914,-532.2788032703754,8098070.9955472555,0.0,-704.4781391900335,0
916,8115694.568370684,649255.5654696547,7466439.002901029,-14.012873760714479,0.0,5.117421725073881,166.6819783773612,-1.5027816194656622,-6.961620093414799,5.299743281867835,6.434719539604158e-05,-714.669286741411,1.0002095086074891,1.025583068463043,-536.1675049177321,8106774.61457312,0.0,-700.2702569048337,0
917,8124255.469313704,649940.4375450964,7474315.031768608,-13.97621347894038,0.0,5.224719018986577,185.80895440211697,nan,19.12697602475576,5.407040575780532,0.0,-705.9948043998098,1.000064347195396,1.08650435946014,-539.0903156630724,8115366.158939242,0.0,-698.810673947019,0
918,8133250.076837941,650660.0061470353,7482590.070690906,-14.68507350896075,0.0,5.162487584035224,174.5982436427835,nan,-11.210710759333386,5.344809140829179,0.0,-715.1266994232811,1.0,0.999598607015534,-529.3177450211645,8123901.839634949,0.0,-734.2536754480375,0
919,8141846.629352086,651347.7303481669,7490498.899003919,-14.019074941694514,0.0,5.31890333614412,200.72722164637972,1.233330456895435,26.128978003596153,5.501224892938074,0.00047157103663814526,-709.5213440436148,1.0,1.0189127968522307,-534.9231004008308,8132903.915495813,0.0,-698.3106332842812,0
920,8151042.3929207465,652083.3914336597,7498959.0014870865,-15.005100339521075,0.0,5.382201245679657,217.50052094594864,nan,16.773299299568954,5.564522802473612,0.0,-727.5586817613707,1.000471571036638,1.063354246433348,-523.3988173260778,8141463.8370366795,0.0,-750.2550169760538,0
921,8160202.278750188,652816.182300015,7507386.096450172,-14.954915639895319,0.0,5.195147145634537,180.3946851345785,nan,-37.10583581137016,5.377468702428492,0.0,-730.9724826951974,1.0,0.9186280647917887,-513.4719617492483,8150658.891597846,0.0,-747.7457819947659,0
922,8168524.832288192,653481.9865830553,7515042.845705137,-13.635760460642178,2.2832548515269107,5.2329454106711175,180.93422671384582,1.8577920884030963,0.5395415792673288,5.4152669674650715,0.000494895332218837,-712.419564789512,1.0,0.9890579825683372,-532.0248796549336,8159860.297564957,0.0,-675.3137289781422,1
923,8177359.042060167,654188.7233648134,7523170.318695353,-14.419202634649592,0.0,5.277571804946109,195.89362943472676,nan,11.676147869353922,5.459893361740063,0.0,-719.2928912032042,1.0002655213712581,0.9666322911558377,-530.9791494660541,8168167.41828074,0.0,-720.9601317324796,0
924,8186324.145574073,654905.9316459259,7531418.213928147,-14.6369036961788,0.0,5.262855460678678,193.03190008836148,nan,-2.8617293463652262,5.445177017472632,0.0,-720.169036939586,1.0,0.9493608760210234,-524.2754075048596,8177010.115028882,0.0,-731.84518480894,0
925,8195093.631999839,655607.4905599871,7539486.141439852,-14.317528858400758,0.0,5.275397657538,195.4681904591337,nan,2.43629037077214,5.457719214331954,0.0,-718.7381722664035,1.0,0.9842777215334637,-525.706272178042,8185977.135402074,0.0,-715.8764429200379,0
926,8203958.415544486,656316.6732435588,7547641.742300927,-14.499918557567744,1.3133257490186472,5.281803424671961,194.12101309691602,0.9567875749753163,-1.347177362217685,5.464124981465915,0.001747380029263419,-719.9563174517896,1.0,0.9605567401551152,-524.488126992656,8194745.196834646,0.0,-722.3926078225619,2
927,8212823.893818197,657025.9115054557,7555797.982312741,-14.46823183543222,0.0,5.148725031097596,172.21178561699688,nan,-25.222553228937656,5.331046587891551,0.0,-730.2400452399618,1.0004,1.0114639574065265,-524.8057063940269,8203606.697341567,0.0,-723.411591771611,0
928,8221255.480456629,657700.4384365303,7563555.042020098,-13.977679534163332,9.92338561832894,5.196719896340456,165.35618980210378,2.7293180567171205,-6.855595814893103,5.379041453134411,0.003435584779900967,-708.3281150307212,1.0,0.999890234484717,-536.1163294137241,8212465.685958202,0.0,-683.1055618017836,1
929,8230040.708211038,658403.256656883,7571637.451554155,-14.343331322621534,0.0,5.2523488640080425,189.02698482239347,0.6868393226393372,12.747409401960839,5.434670420801997,0.00018283302435743114,-715.5717762129678,1.0002169771247171,1.0778713583811022,-534.7939237540635,8220885.406939063,0.0,-715.0085518452627,0
930,8238986.61700098,659118.9293600784,7579867.687640902,-14.601983768260965,0.0,5.221061151707064,185.13053145456072,nan,-3.8964533678329163,5.403382708501018,0.0,-719.3392030007882,1.0001828330243574,1.0098471644039928,-528.3247941886937,8229665.605307474,0.0,-730.0991884130482,0
931,8247695.032174597,659815.6025739678,7587879.429600629,-14.217820691633404,0.0,5.277256793709107,195.83193045864326,nan,10.701399004082491,5.459578350503061,0.0,-714.7874879495033,1.0,0.9516596824360197,-529.6569564949426,8238616.331280719,0.0,-710.8910345816702,0
932,8256647.817108681,660531.8253686945,7596115.991739986,-14.616791729112538,0.0,5.26339796138638,193.13664844122718,nan,-2.6952820174160728,5.445719518180334,0.0,-720.1381874515441,1.0,1.080468326331652,-524.3062569929012,8247316.510885813,0.0,-730.8395864556269,0
933,8265546.388011975,661243.7110409581,7604302.676971017,-14.544780044141746,0.8085499001300835,5.317729569459836,192.7766311898785,2.4108777061994955,-0.3600172513485873,5.50005112625379,0.0011948842280985498,-718.7905464428366,1.0,0.9847965738364833,-525.6538980016092,8256271.706432587,0.0,-716.0952644254204,1
934,8274399.694544693,661951.9755635755,7612447.718981118,-14.453204079204962,0.0,5.244335567216445,189.39850803022665,-2.3929247548736403,-5.186673059781813,5.426657124010399,3.138800837954558e-06,-724.1651395646132,1.0002,1.0317293626564679,-525.5799584746042,8265190.1053395495,0.0,-722.4789136350506,0
935,8283119.916927513,662649.5933542011,7620470.323573312,-14.238410960773598,0.0,5.233007157679376,187.24882368778043,-2.239228426934993,-2.1496843424464083,5.41532871447333,7.265951789107913e-05,-717.0242077973052,1.000003138800838,1.0279013302700084,-527.5343376860383,8274062.093371981,0.0,-711.7461726564829,0
936,8291947.437610741,663355.7950088592,7628591.642601881,-13.739501148712463,0.0,5.3969368545240535,214.76740642837603,1.7853803938935198,27.518582740595733,5.579258411318009,0.0013043509705493387,-716.1892947160604,1.000072659517891,1.0110362641882333,-528.8339303516898,8282773.162673732,0.0,-713.9330696970239,0
937,8301290.372323121,664103.2297858497,7637187.142537272,-15.220429083883905,0.0,5.495491050237303,243.59111227035817,nan,28.823705841982104,5.677812607031258,0.0,-739.4647188202313,1.0013043509705493,1.081494826981869,-518.7354650252233,8291579.424371254,0.0,-761.0214541941953,0
938,8310763.092140708,664861.0473712566,7645902.044769451,-15.46854322040289,0.1410323926620023,5.570145552936481,261.8866232533495,-0.534987141945684,18.295510982991377,5.752467109730436,0.00017669749908984757,-744.0177783574022,1.0,0.9450873510317802,-500.4266660870435,8300910.865145892,0.0,-772.8414841993838,1
939,8320240.136755333,665619.2109404267,7654620.925814906,-15.469716697748732,0.0,5.438500959234664,230.09700002024488,nan,-32.93065562576674,5.620822516028617,0.0,-758.3863768426144,1.0002,0.9303238617247146,-491.3587211966029,8310382.311786996,0.0,-773.4858348874366,0
940,8328940.591777215,666315.2473421772,7662625.344435038,-14.26996140192491,0.0,5.588681442260682,261.4165309341992,1.786126390784546,31.31953091395433,5.7710029990546365,9.300877287172002e-05,-737.2707222323456,1.0,1.0726247860136695,-507.1737222121004,8319899.620194025,0.0,-704.3400666065787,0
941,8338554.736347285,667084.3789077828,7671470.357439502,-15.692664843884698,0.0,5.511518786571511,247.52678207822987,nan,-13.889748855969303,5.693840343365466,0.0,-759.2800078258424,1.0000930087728717,1.0171304809804758,-491.8971803460809,8328566.0294874525,0.0,-784.6332421942349,0
942,8347574.688795667,667805.9751036534,7679768.713692014,-14.77400428280962,0.0,5.440369219538143,226.25294717811963,1.4526287097999953,-21.273834900110284,5.622690776332098,0.0002123027655276694,-745.9856132613376,1.0,0.9230910341938159,-498.4588311831081,8338198.981845831,0.0,-732.0958644053686,0
943,8356395.23956629,668511.6191653032,7687883.620400987,-14.43142555941061,0.03845908697197764,5.477379186344123,234.1105171060395,1.6308901071381456,7.857569927919888,5.659700743138077,0.0025315758528201573,-740.3543772592548,1.0002123027655276,1.0793179702689908,-509.8270943328404,8347212.625264872,0.0,-714.8062066108497,1
944,8365597.702405731,669247.8161924585,7696349.886213273,-15.062859046515054,2.098246424912503,5.531508635022443,248.18406195574923,1.467996295556847,13.035085762737868,5.713830191816397,4.808781920550677e-05,-747.2472793457584,1.0002700078145894,1.1633652323814703,-505.5494551306677,8356007.629301585,0.0,-748.8024230415717,1
945,8375175.364979137,670014.029198331,7705161.335780806,-15.633990916166184,0.0,5.656990052157073,286.2856395673372,nan,35.00333118667534,5.839311608951028,0.0,-752.5137032099394,1.0002,1.012747509667431,-497.23139482927763,8365208.246724172,0.0,-781.6995458083092,0
946,8384979.877550745,670798.3902040597,7714181.4873466855,-16.007367463851335,0.0,5.65450839206585,285.57605675677576,nan,-0.7095828105613537,5.836829948859805,0.0,-765.3650420058915,1.0,1.0749035203410924,-479.0794024385542,8374781.620394424,0.0,-800.3683731925668,0
947,8394549.673373256,671563.9738698605,7722985.699503396,-14.771253580556596,0.0,5.82610934382777,322.9827815867242,2.775973711167922,37.406724829948224,6.0084309006217245,0.0007951725294200459,-765.0102506006108,1.0,1.109406993780789,-479.4341938438349,8384590.42764681,0.0,-764.3006677900491,0
948,8404654.196051875,672372.33568415,7732281.860367725,-16.49633395607626,0.0,5.703037841543398,298.4105939814007,0.3119594055735236,-24.572187605323492,5.885359398337352,4.607332341500687e-05,-802.4128289891031,1.00079517252942,1.0635043891246583,-463.37579581081195,8394131.692618344,0.0,-823.7653022274845,0
949,8413805.119107166,673104.4095285734,7740700.709578593,-14.940136782776888,0.0,5.684570658219904,294.291466300881,nan,-4.119127680519593,5.866892215013859,0.0,-772.9451259800564,1.000046073323415,1.039351039474519,-473.16843276276694,8404261.39324322,0.0,-747.0068391388444,0
950,8423201.199821733,673856.0959857387,7749345.103835994,-15.433937399836969,4.576475426993449,5.682514091186484,287.2388157951148,1.8637765653107283,-7.0526505057662385,5.864835647980438,0.0018900268676726956,-769.3679553726632,1.0,1.0572120907084475,-475.07648907178253,8413402.461723778,0.0,-765.2488276921435,1
951,8432627.968373101,674610.2374698481,7758017.730903253,-15.409603415806423,1.0765342449935495,5.627117476120993,274.8661955875415,1.0965529762859418,-17.949095634566802,5.809439032914947,0.00047171250994783103,-773.2801946306625,1.0002,1.0277290044152112,-476.4649034085545,8422804.349869292,0.0,-767.4863423706806,1
952,8442009.395604443,675360.7516483555,7766648.6439560875,-15.37012446470151,2.739057418677678,5.680348141185606,270.31622308401455,3.123914927700575,-6.626506748520526,5.862669697979561,0.001411261575635235,-765.3439139358759,1.0002,1.0400327433193814,-484.4011841033409,8432216.444583,0.0,-745.740697054453,1
953,8451342.554709084,676107.4043767268,7775235.150332358,-15.28085452282895,2.2596470885830136,5.671439730033506,285.6654086272714,1.5659034787737416,11.610128124579322,5.853761286827461,0.0005899589431266325,-763.9462665238084,1.0002045260099965,0.995649045475655,-485.8599703088986,8441592.087170508,0.0,-759.2557282076914,1
954,8460934.036879582,676874.7229503667,7784059.313929216,-15.656553523672764,0.0,5.7830923994178765,324.7619327900897,nan,35.83687707423529,5.9654139562118305,0.0,-771.3350768775356,1.0002,0.9858096938269909,-478.4100211616811,8450924.78841164,0.0,-782.8276761836382,0
955,8470988.472512964,677679.0778010371,7793309.394711927,-16.417590094316495,0.0,5.843091709392663,344.511476138782,-1.1014912085574895,19.749543348692363,6.025413266186617,0.000135576425864497,-784.6031886172677,1.0,1.006025524910874,-459.84125582717786,8460506.4130864,0.0,-820.4400656915033,0
956,8481037.628780415,678483.0103024333,7802554.618477982,-16.44060284683039,7.468312003785769,5.875158955810682,342.9930691737523,2.571710158092405,-1.5184069650297025,6.057480512604637,0.0014613416755272228,-795.2485596351416,1.0001355764258646,1.116567049201442,-450.40470842295053,8470580.906862404,0.0,-814.6657279104247,1
957,8490949.741026323,679275.9792821058,7811673.761744218,-16.17356036323095,0.0,6.048259675521026,423.2942573744666,-2.5093599501107997,71.83287619692854,6.2305812323149805,3.193880935560846e-06,-807.4955035350669,1.0007640030433682,0.9453319365156019,-448.8892180184906,8480617.79485966,0.0,-808.5166762546369,0
958,8502059.784449812,680164.782755985,7821895.001693827,-18.147699782485372,0.0,6.053043057104464,424.1684675750267,0.21279282069231834,0.8742102005599779,6.235364613898418,0.00012968429157490121,-833.9613571114357,1.0000031938809355,1.020962317968676,-410.585779465351,8490528.335879752,0.0,-905.7129130367465,0
959,8512305.864514101,680984.4691611282,7831321.395352973,-16.72921029045224,0.0,6.314839200352442,552.0506251291148,-0.4116558829792226,127.88215755408838,6.497160757146398,0.00014681826328200178,-835.9847020151178,1.000129684291575,1.044755237924086,-410.57910612278886,8501633.610909412,0.0,-835.6217838983756,0
960,8524883.055292161,681990.6444233729,7842892.410868788,-20.53214576772533,0.0,6.468677181680622,644.6304337665374,nan,92.57980863742218,6.650998738474576,0.0,-899.3876830645064,1.000146818263282,1.0608060682078664,-346.674505703063,8511855.333461637,0.0,-1026.6072883862664,0
961,8537641.416578338,683011.3133262671,7854630.10325207,-19.378414843526045,0.0,6.6192598675589105,746.4601737794961,1.075026311748602,101.82974001295916,6.801581424352865,0.009003691248488849,-944.5374391054912,1.0,1.0518272743738666,-299.9070053389544,8524427.150487326,0.0,-1037.1172477429136,0
962,8551640.315393128,684131.2252314503,7867509.090161677,-22.520470733119797,5.087749449035169,6.932004711110545,1012.0310463695249,2.526911488605324,265.57087259002856,7.1143262679045,0.0008234062108142383,-1014.6090723361493,1.0090036912484888,0.9788892691578136,-265.21882856186807,8537185.812636042,0.0,-1113.5087423543237,1
963,8568861.130083999,685508.8904067199,7883352.239677278,-28.112606618147897,0.0,6.406651486315724,605.8615449683965,nan,-412.2572508501637,6.588973043109679,0.0,-1135.9319469288882,1.0002,0.9496025545756424,-113.8131511103285,8551159.177171286,0.0,-1405.6303309073949,0
964,8577370.964450309,686189.6771560247,7891181.287294284,-15.99046312200255,2.378073950519024,6.180596609775358,297.0206575299586,5.227141090961215,-308.8408874384377,6.362918166569312,0.00028546736827236255,-925.1529947064212,1.0,0.9777011524946021,-319.29144973802454,8568465.911647221,0.0,-512.8957438562571,1
965,8586557.081236394,686924.5664989116,7899632.514737482,-4.199373842887164,0.0,6.602319386762753,470.7784426326759,5.583585385388027,170.37971115219818,6.784640943556707,0.000597688313249123,-958.4809663205871,1.0002889298439173,1.083152347150432,-473.35345356842237,8576988.125610566,0.0,-472.91757031622564,0
966,8599427.840275263,687954.2272220211,7911473.613053243,-21.35273161637088,3.4464689625401856,6.124236523183643,419.77417439900063,3.6115029490395676,-51.00426823367548,6.306558079977597,0.00013348079965289596,-1131.2862294688332,1.000597688313249,0.9091803881607401,-394.48409140353516,8586077.169977197,0.0,-1035.6422451884093,1
967,8609616.940157766,688769.3552126213,7920847.584945144,-13.148635435092018,0.0,6.2998694497981615,514.0197381425554,3.4171062502353853,89.79909478101477,6.4821910065921164,0.0023593038753253353,-871.5827902770576,1.000231244485136,1.108177643046858,-411.1816387215312,8599004.288272029,0.0,-797.314981643399,0
968,8621578.000097277,689726.2400077821,7931851.760089494,-19.911788457919446,15.895795338544357,5.712882844820028,267.41320490047934,3.56471452824319,-246.6065332420762,5.895204401613983,0.0023368922379233326,-916.7703411346854,1.0023593038753253,0.9221432254186832,-372.2695203410744,8609145.456000555,0.0,-976.0883532646443,1
969,8628184.26476408,690254.7411811264,7937929.523582953,-14.407396439938458,177.9011919672202,5.335621045232241,24.023782943848133,5.2126388600445015,-260.2852172951757,5.517942602026196,0.000449382055534039,-783.9177788567102,1.0003275858688825,1.0568152543284604,-481.29155538750456,8621118.140684895,0.0,-536.7919661522535,1
970,8637113.771265069,690969.1017012055,7946144.669563863,-14.593815876000352,0.0,5.395963135522948,215.36090893959533,1.6396802077995145,12.43593402852709,5.5782846923169025,0.00016569689762447332,-728.3350364751421,1.0002,0.9845213509446114,-521.4100615640745,8627766.355673257,0.0,-723.6533637818548,0
971,8646217.672580333,691697.4138064267,7954520.258773907,-14.858852778254066,0.0,5.547654883273184,256.63501060633024,nan,41.27410166673494,5.729976440067139,0.0,-735.6602260769824,1.0001656968976245,1.121646930836878,-515.1457959445804,8636667.886403583,0.0,-742.9426389127033,0
972,8655917.391987935,692473.3913590348,7963444.0006289,-15.836276583842464,0.0,5.321306230997187,204.6510289948152,nan,-51.983981611515105,5.5036277877911415,0.0,-750.5397275253881,1.0,0.9971688983347614,-493.90471691905776,8645736.499858594,0.0,-791.8138291921232,0
973,8665304.487165513,693224.3589732411,7972080.128192271,11.433816630315345,0.0,5.5622812547685365,193.4461925283734,4.204245392061638,-11.204836466441824,5.744602811562491,0.005772701784268025,-724.5477367196307,1.0,1.002011169383295,-519.8967077248153,8655507.609186336,0.0,-672.5637551081153,0
974,8674416.676919904,693953.3341535922,7980463.342766311,-13.65588105039692,0.0,5.4364640308453405,195.5715890817226,3.52804137143833,2.1253965533491224,5.6187855876392945,0.0006389127181087536,-801.9554799277378,1.005772701784268,1.0669997090168595,-541.5392449310168,8664885.35905184,0.0,-723.7806009929485,0
975,8683320.221029779,694665.6176823823,7988654.6033473965,-14.487344629405518,5.41036310050721,5.327839174003618,181.85614115813783,3.1837143649552546,-13.71544792358473,5.510160730797573,0.00370350329821914,-756.4134775643427,1.0006389127181088,0.9769159012587358,-526.7846916345625,8674027.485331928,0.0,-724.4816772696344,1
976,8692027.06936741,695362.1655493928,7996664.903818018,-13.750840791159355,0.0,5.483116706113665,226.37197358916129,2.6548907183132604,38.10546933051639,5.66543826290762,0.0005166985565083332,-739.2825155350849,1.0004801698833077,1.0146692200699865,-529.7045975227699,8682954.259878509,0.0,-710.0647408613917,0
977,8701546.108085837,696123.688646867,8005422.41943897,-15.510908662197126,0.0,5.519292679771996,249.45852770999275,nan,23.086554120831323,5.701614236565951,0.0,-751.6633953931376,1.0005166985565084,1.0156372634760757,-511.0679901901789,8691619.548443094,0.0,-775.5454331098563,0
978,8710979.074078262,696878.325926261,8014100.748152001,-15.400760803961012,0.0,5.487340003034738,241.6136597190733,nan,-7.844867990919356,5.669661559828693,0.0,-746.9514860772192,1.0,1.0088224917083415,-497.4929583672265,8701142.095144605,0.0,-770.0380401980506,0
979,8720072.34192559,697605.7873540472,8022466.554571542,-14.688012867712613,0.0,5.367706221337587,207.40532809040494,1.940934442542879,-34.20833162866845,5.5500277781315415,0.00047531887423859744,-743.0290520817596,1.0,1.109849687187579,-501.41539236268625,8710599.462150175,0.0,-735.1841840908403,0
980,8729016.41913819,698321.3135310552,8030695.105607134,-7.566730828806447,0.0,5.418953468292169,196.44518115406677,3.374089094311607,-10.960146936338225,5.601275025086123,0.0032459494852999076,-734.4876583053882,1.0004753188742386,1.0131708836130529,-520.1170736523165,8719700.979413083,0.0,-693.314070114053,0
981,8738175.387959879,699054.0310367903,8039121.356923088,-13.13700449935728,0.34075235399684556,5.231470346288344,173.40751445539652,2.614482189703913,-23.037666698670193,5.4137919030822985,0.0018696287378267406,-759.9048205746064,1.0032459494852999,0.988868928189824,-534.2619640849082,8728640.818276549,0.0,-719.7469983026369,2
982,8746980.584561525,699758.446764922,8047222.137796603,-14.319161910905253,0.7235746524620446,5.1093007803943955,161.55722888056724,1.3856257682403086,-14.191037928826136,5.2916223371883495,0.0018236949917095299,-735.9097661573021,1.001906404627456,0.9919932042118152,-540.4412538879154,8737811.724554855,0.0,-711.9607690229474,1
983,8755453.105034763,700436.2484027811,8055016.856631982,-13.8296772832322,0.0,5.081125083768031,160.9550420024087,nan,-2.3257615306205066,5.263446640561985,0.0,-708.5129507861232,1.0002,0.9858107030320821,-541.2321472530936,8746617.48803285,0.0,-691.48386416161,0
984,8764032.686310504,701122.6149048404,8062910.071405663,-14.007479633856134,0.0,5.055568020930343,156.89362390048316,nan,-4.061418101925569,5.237889577724298,0.0,-702.6997432234276,1.0,0.9201566427084751,-541.7447012210185,8755079.750992678,0.0,-700.3739816928066,0
985,8772566.12960736,701805.2903685889,8070760.839238772,-13.93215232141078,0.0,4.984440817670613,146.12184342407284,nan,-10.771780476410362,5.166762374464567,0.0,-700.6690341724645,1.0,0.9561822251510194,-543.7754102719815,8763662.059801782,0.0,-696.6076160705389,0
986,8780956.518449795,702476.5214759836,8078479.996973811,-13.702733649890806,0.0,5.123125275729647,167.4366792671595,-0.8616188826766951,21.314835843086737,5.305446832523602,0.00010397528470817382,-695.2831439342592,1.0,1.0375229891345434,-549.1613005101865,8772197.893552247,0.0,-684.5113634578488,0
987,8789870.481787372,703189.6385429899,8086680.843244382,-14.551918637471672,0.0,5.108384222741459,165.40288462627313,nan,-2.033794640886386,5.290705779535414,0.0,-706.7035736172584,1.000103975284708,0.9796862109460555,-538.8444167633371,8780567.64242053,0.0,-727.5959318735836,0
988,8798507.927585589,703880.6342068472,8094627.2933787415,-14.111222692583244,0.0,5.234611558674662,185.43918210739457,0.7961624430133148,20.036297481121455,5.416933115468617,0.0003566369758326352,-704.9236645353594,1.0,1.0969115569266332,-539.5207799090865,8789504.801699594,0.0,-702.8898698944735,0
989,8807529.45110745,704602.356088596,8102927.095018853,-14.723026381827436,0.0,5.185878663394941,178.73042469741767,nan,-6.708757409976906,5.368200220188896,0.0,-718.3320382652576,1.0003566369758325,0.9031277268496734,-530.6758395028558,8798126.504869968,0.0,-736.1513190913718,0
990,8816446.240773883,705315.6992619106,8111130.541511972,-2.272095297059929,0.0,5.199159374677688,170.38333241740452,2.3736576691692783,-8.347092280013097,5.381480931471643,0.011414182946201336,-711.5874345709316,1.0,0.992722366420375,-532.8570098735139,8807175.442169517,0.0,-704.8786771609548,0
991,8825858.339510268,706068.6671608215,8119789.672349446,-14.153418293556944,0.7200352061718798,5.232860832362885,171.79758050766176,2.7427975280127868,1.4142480902570953,5.41518238915684,0.0005270644253843229,-736.6213867632699,1.0114141829462013,1.007936645721635,-555.5014628947149,8816091.096035136,0.0,-717.5377030321063,1
992,8834684.585318144,706774.7668254516,8127909.818492693,-14.361401110415876,0.0,5.03909296874002,153.39259877126446,-0.06467650959875983,-20.125016942569193,5.221414525533974,0.0003477752690281024,-731.2480590599278,1.0007270644253843,0.9352645708488262,-538.2000723167276,8825518.70790568,0.0,-717.8252858720806,0
993,8843024.10197463,707441.9281579704,8135582.17381666,-13.622806219067298,0.0,5.22638308541458,185.46577079448224,-0.4267304357062124,32.07317202321798,5.4087046422085345,1.758750124775848e-05,-700.9548111133568,1.0003477752690282,1.0376479063718171,-546.6248416973503,8834347.296961589,0.0,-679.8924235260455,0
994,8852176.109736005,708174.0887788804,8144002.020957124,-14.941806484027193,0.0,5.297718526633238,199.88026787080742,nan,14.414497076325027,5.480040083427193,0.0,-715.669791634954,1.0000175875012478,1.0090461712172345,-529.5513813836592,8842645.454255937,0.0,-747.0903242013596,0
995,8861199.176188126,708895.9340950501,8152303.242093076,-14.731537064679033,0.0,5.385365970590145,218.18994059899944,nan,18.30967272819199,5.5676875273841,0.0,-722.162356157626,1.0,0.9419811229358138,-522.2820882868191,8851804.701454928,0.0,-736.5768532339516,0
996,8870382.10528744,709630.5684229953,8160751.536864445,-14.992537304998292,0.0,5.192502617939097,179.91825663547007,nan,-38.27168396352931,5.374824174733052,0.0,-731.3171925217226,1.0,1.0093382628842595,-513.1272519227231,8860827.89639696,0.0,-749.6268652499145,0
997,8878716.194775648,710297.2955820519,8168418.899193596,-13.888936591030154,16.229674733140875,5.074363900093552,136.9343622362868,3.1327122543864685,-42.98389439918332,5.2566854568875065,0.000516949328183397,-712.1813505399579,1.0,0.9762935085208115,-532.2630939044877,8870048.828133028,0.0,-673.909666576429,1
998,8887172.331111321,710973.7864889058,8176198.544622416,-13.868577982290045,3.4295677891191536,4.921120725385518,133.70626360276935,1.238367843113164,-20.457773366658223,5.103442282179473,0.0002692275495406083,-710.7168692086312,1.0004995544377508,0.8924442186324257,-546.7795596217984,8878384.431714753,0.0,-689.9789211527907,1
999,8895507.378257608,711640.5902606087,8183866.787996999,-13.580745564949327,0.0,4.928543043396295,135.41611046617345,1.015931784918798,-2.7197209257150785,5.110864600190249,0.0002868802287755801,-695.940464715553,1.0002,0.9001017963930011,-553.804633323664,8886852.96230256,0.0,-677.4751305585635,0
